center ID: 268
51 59 64 83 117 118 121 145 150 156 190 198 211 232 268 276 348 382 392 411 414 429 456 468 475 480 482 547 554 621 676 702 727 733 787 806 813 821 831 848 878 880 921 926 977 994 995 
center ID: 159
25 53 54 112 153 159 178 202 304 337 385 405 410 415 433 435 446 463 485 489 512 517 525 528 553 560 583 613 614 642 644 656 665 689 715 797 826 829 853 864 887 901 903 957 973 990 
center ID: 116
0 38 84 92 104 116 124 129 144 151 189 244 254 263 287 302 307 381 400 418 424 441 455 459 513 548 556 566 596 598 693 695 724 728 741 762 802 820 840 856 904 909 914 934 970 992 
center ID: 396
2 12 40 56 74 75 120 125 146 188 192 199 204 205 208 209 225 317 318 324 329 342 344 349 358 359 371 396 434 448 461 471 500 521 526 538 539 562 591 595 620 732 735 752 759 763 764 777 786 807 812 827 833 838 839 871 874 875 890 922 925 939 948 950 953 959 979 
center ID: 850
4 11 39 52 71 91 105 106 110 160 182 191 228 290 299 315 352 378 391 399 409 412 426 438 447 466 510 511 534 543 593 604 694 705 722 753 774 817 823 850 868 873 965 982 
center ID: 908
5 29 36 61 67 123 155 158 166 175 194 216 222 239 245 262 265 333 366 389 397 417 427 436 462 488 498 536 545 581 588 589 590 592 597 599 617 633 651 659 664 679 681 747 756 757 760 767 799 835 841 847 854 857 866 908 943 978 980 993 
center ID: 81
3 10 16 27 31 33 37 78 79 81 179 187 249 258 261 267 282 297 306 308 309 311 326 341 350 353 357 416 437 440 450 451 492 494 506 530 577 586 638 641 699 717 730 737 748 768 783 842 860 865 869 870 883 884 907 936 949 958 988 
center ID: 404
20 44 55 70 132 142 154 169 174 177 181 186 201 241 242 250 256 272 278 292 293 303 310 367 370 372 374 388 404 413 422 469 478 484 520 522 550 570 585 610 661 673 684 701 734 750 761 788 793 809 810 815 843 855 900 911 915 917 935 937 944 968 969 996 
center ID: 86
45 60 72 86 133 183 185 246 271 275 288 295 320 336 340 423 442 493 495 552 557 559 573 632 637 649 666 670 712 721 729 731 749 773 846 867 888 920 933 962 987 
center ID: 102
17 22 35 68 98 102 108 147 220 224 233 236 240 248 255 334 355 361 376 383 390 403 408 467 505 519 531 555 565 568 578 622 643 653 686 691 703 707 710 713 739 742 745 778 790 811 814 852 862 872 891 902 985 
center ID: 623
21 62 69 73 97 138 141 143 173 180 184 213 235 237 238 264 283 294 338 339 365 379 386 420 439 449 452 453 481 508 546 549 569 574 602 603 618 623 671 682 690 718 725 779 819 863 976 984 
center ID: 114
23 77 114 131 148 157 206 217 226 281 285 354 384 401 474 476 477 502 529 537 564 571 579 587 609 619 654 698 708 785 795 798 818 876 897 951 956 975 999 
center ID: 312
1 24 34 47 50 93 95 126 127 130 134 149 162 164 165 170 196 210 215 221 223 227 234 247 251 253 269 291 312 360 407 419 445 454 457 501 507 540 580 624 635 645 652 658 668 674 685 709 738 758 781 784 789 792 800 808 832 895 906 924 931 940 963 964 967 972 997 
center ID: 252
32 101 163 168 197 200 203 231 252 260 296 327 364 369 398 402 421 464 479 490 496 516 523 541 582 584 594 627 639 640 646 678 700 704 720 723 801 804 805 825 834 845 849 892 923 930 942 946 960 
center ID: 771
8 15 26 58 82 140 161 172 212 230 277 280 286 313 319 322 330 347 377 393 430 431 486 504 527 561 567 600 608 657 662 663 683 746 751 771 791 816 877 885 894 918 919 927 932 947 954 955 981 986 
center ID: 109
18 30 76 85 88 90 103 109 167 176 193 214 243 270 274 301 328 335 351 362 373 375 394 428 470 503 518 551 611 629 660 675 688 692 706 711 736 766 794 822 851 881 886 893 896 910 952 974 991 998 
center ID: 305
14 19 43 46 48 65 107 122 152 195 266 284 300 305 323 325 345 346 356 432 443 444 487 532 533 576 606 615 616 669 677 740 772 828 836 859 966 
center ID: 558
7 28 41 42 49 66 89 94 96 111 113 128 135 137 273 298 316 332 363 380 395 406 425 460 465 472 483 499 514 524 535 542 544 558 605 612 625 626 628 631 648 655 680 696 697 726 743 769 780 830 837 889 899 905 912 913 938 961 971 989 
center ID: 775
13 57 99 100 115 139 207 218 259 279 289 314 331 458 473 491 515 575 630 636 650 672 716 744 754 765 770 775 782 796 824 858 879 882 916 929 983 
center ID: 861
6 9 63 80 87 119 136 171 219 229 257 321 343 368 387 497 509 563 572 601 607 634 647 667 687 714 719 755 776 803 844 861 898 928 941 945 
best objective: 86005.88
程序运行时间为：30.055s
模型类型：原始模型（欧氏距离+需求约束）
模糊集类型：D_1
约束类型：个体约束(DRICC)
求解方法：近似方法（MISOCP）
风险参数：0.3
失败阶段：0 (0=成功，1=选择初始中心失败，2=生成初始解失败，3=改善初始解失败，4=确保连通性失败)
