center ID: 74
24 37 43 46 47 48 66 74 75 81 89 106 121 126 135 138 149 158 164 207 210 224 234 279 285 290 306 313 315 321 332 335 357 361 377 381 382 386 390 412 427 440 457 464 470 482 497 
center ID: 177
4 25 26 33 36 69 72 80 84 87 104 136 137 139 141 166 175 177 188 191 197 198 212 213 214 219 239 253 256 257 261 291 312 316 318 322 323 336 338 350 353 355 375 384 391 404 405 410 411 414 437 453 456 465 471 474 475 489 496 
center ID: 372
13 15 18 27 32 55 58 60 65 68 82 94 107 117 123 163 184 185 187 193 195 199 202 208 223 230 243 247 262 266 275 301 303 314 339 340 348 369 372 373 376 393 400 401 409 413 415 416 417 424 425 430 438 443 449 460 462 478 484 493 498 
center ID: 351
12 17 28 35 40 44 53 62 63 73 86 98 99 114 122 127 140 142 171 182 201 205 215 229 231 240 245 254 255 264 273 277 281 293 320 328 343 351 354 378 383 407 408 418 422 431 439 442 451 459 466 472 473 479 481 491 492 
center ID: 67
7 20 29 30 41 59 67 71 93 102 115 116 118 120 146 150 165 169 181 194 204 216 228 233 269 287 289 308 325 327 337 356 366 387 406 421 429 441 446 447 461 480 
center ID: 436
1 31 39 83 88 96 103 105 108 112 151 179 183 186 192 206 221 248 267 282 283 288 333 347 362 364 368 371 374 380 388 423 426 428 432 436 448 467 485 490 
center ID: 435
2 8 9 10 16 21 22 49 54 56 76 90 92 95 113 124 128 145 148 153 154 155 160 167 170 172 176 180 209 218 226 227 250 252 260 270 271 276 286 295 297 299 302 310 311 331 341 345 346 360 370 379 394 399 403 419 433 435 445 454 469 476 477 483 486 499 
center ID: 131
6 50 61 77 79 101 109 131 132 143 147 168 173 203 225 232 238 246 249 251 274 280 284 294 300 319 334 363 402 434 450 494 
center ID: 488
0 38 42 51 52 57 78 100 110 111 129 130 144 156 162 217 220 222 235 237 242 259 265 268 272 296 305 307 324 329 330 342 358 365 385 392 444 452 455 458 487 488 
center ID: 263
3 5 11 14 19 23 34 45 64 70 85 91 97 119 125 133 134 152 157 159 161 174 178 189 190 196 200 211 236 241 244 258 263 278 292 298 304 309 317 326 344 349 352 359 367 389 395 396 397 398 420 463 468 495 
best objective: 59144.24
程序运行时间为：3.182s
模型类型：原始模型（欧氏距离+需求约束）
模糊集类型：D_1
约束类型：个体约束(DRICC)
求解方法：近似方法（MISOCP）
风险参数：0.1
失败阶段：0 (0=成功，1=选择初始中心失败，2=生成初始解失败，3=改善初始解失败，4=确保连通性失败)
