1000
40
0 670.486099 673.102801
1 407.574427 350.255823
2 25.758193 215.303575
3 52.944421 350.052165
4 133.284364 881.503971
5 995.239137 851.305760
6 864.562540 883.329717
7 745.560226 401.537304
8 549.896470 655.803432
9 282.997393 836.056341
10 935.969481 478.707424
11 173.766450 468.317184
12 671.571426 626.809228
13 110.117587 967.966274
14 491.675893 622.711321
15 942.042424 547.705753
16 396.040213 893.624634
17 166.409977 198.261083
18 25.728294 892.155342
19 11.013449 360.155588
20 129.432367 531.232739
21 705.110583 601.657929
22 481.196454 604.595771
23 263.392910 584.183316
24 862.120788 716.794339
25 126.919971 839.592940
26 750.853357 130.450716
27 302.406698 658.250322
28 181.150820 853.565609
29 220.352995 692.357131
30 819.517818 235.942339
31 392.857284 716.005486
32 691.910424 321.341516
33 93.555884 351.547311
34 145.715833 210.768145
35 704.983013 471.295838
36 571.696941 732.331397
37 82.746809 414.238162
38 130.317167 784.407369
39 271.268899 119.351677
40 227.837349 821.372939
41 172.436217 770.281862
42 769.803133 84.969124
43 316.365619 570.552092
44 283.017805 349.390721
45 712.583316 824.141187
46 841.822112 144.488020
47 870.272525 583.177404
48 360.479097 649.005824
49 467.844726 742.662780
50 220.688802 704.573982
51 824.941016 611.554696
52 391.733841 691.202285
53 284.071777 670.196475
54 170.483712 326.322295
55 844.454693 436.002503
56 419.462190 801.957188
57 907.212363 102.467118
58 713.408818 58.390057
59 788.942317 890.981354
60 118.241687 407.740170
61 739.774184 860.605010
62 421.055944 167.145461
63 562.379980 257.855783
64 505.768126 438.789022
65 570.004979 356.741406
66 226.243988 682.796078
67 544.438696 138.674670
68 567.223187 269.067203
69 558.946399 92.575138
70 103.081187 765.402418
71 16.533614 877.375826
72 765.445417 321.809976
73 20.517656 582.316625
74 712.908748 144.682882
75 242.231161 844.821020
76 659.560645 719.564828
77 779.785290 141.415711
78 363.782124 137.516648
79 112.170393 154.068058
80 104.728075 607.633228
81 144.575068 232.479267
82 881.146077 997.050336
83 513.654619 622.285747
84 755.658448 29.819002
85 775.582528 309.785221
86 237.359852 597.315172
87 835.069797 45.718154
88 846.560264 485.390586
89 990.138262 353.798771
90 37.728734 707.260464
91 265.285945 104.104658
92 470.170741 546.162446
93 284.784242 537.097468
94 210.698155 358.109929
95 798.197376 460.961512
96 828.527177 162.602815
97 111.817474 713.111140
98 499.866701 57.946973
99 102.558718 876.131717
100 178.135545 537.873157
101 194.957116 669.083163
102 605.474149 857.435247
103 667.272346 397.009133
104 442.192204 698.706320
105 919.291434 334.658901
106 73.020965 520.580774
107 882.283837 944.843029
108 712.515040 142.029124
109 580.660753 387.508100
110 276.675191 304.441674
111 965.241526 862.529703
112 113.840372 186.235944
113 529.632743 947.387118
114 95.123446 101.692062
115 894.076520 240.296949
116 753.141960 906.019306
117 495.226179 300.047308
118 127.521815 949.946043
119 755.659363 85.687963
120 726.627970 779.664069
121 623.539569 842.395944
122 547.203218 161.748354
123 170.689579 654.250671
124 407.072618 427.710926
125 16.440718 690.315675
126 940.797264 579.137716
127 704.974425 507.339153
128 484.138452 71.896067
129 805.473615 640.549128
130 730.419016 706.689065
131 427.252963 113.432811
132 480.345686 593.272848
133 46.138953 428.054570
134 26.582897 726.941251
135 23.721943 59.380054
136 715.344647 318.421814
137 967.704247 470.238977
138 9.497891 652.116026
139 129.419444 187.972452
140 941.147693 912.655433
141 363.700155 539.474990
142 186.400237 116.035025
143 786.622753 228.255824
144 120.977074 9.123618
145 158.259013 55.307517
146 122.580216 560.140495
147 190.416662 734.984290
148 74.384399 452.726441
149 433.451818 937.756794
150 493.758858 817.526451
151 131.588363 403.623568
152 961.298683 287.740264
153 452.780271 213.123780
154 557.470966 348.886311
155 797.005347 77.310107
156 827.658646 868.063338
157 465.979436 813.704195
158 391.110910 634.283188
159 837.632364 12.171723
160 685.285764 718.987463
161 330.288146 262.817603
162 494.297072 474.649326
163 864.343856 217.416523
164 848.654416 29.401670
165 233.342568 186.557553
166 603.211571 206.920697
167 781.688037 936.595992
168 501.215047 903.334359
169 52.849765 843.669355
170 814.571212 86.713087
171 619.758893 586.448855
172 713.927049 749.739931
173 138.197198 114.961361
174 366.886035 342.446055
175 774.332274 719.731432
176 388.657148 439.436508
177 549.154583 643.656247
178 676.661790 654.820708
179 815.422533 828.441411
180 849.099863 108.100475
181 36.824253 68.088547
182 477.202490 65.557977
183 274.415656 53.840690
184 51.876203 734.224845
185 301.996230 538.154576
186 157.669147 569.303097
187 69.935446 119.683901
188 640.466821 870.946774
189 316.064453 956.920993
190 650.051472 892.603184
191 482.598822 55.058705
192 314.635815 160.651246
193 739.660278 638.798441
194 461.707980 213.863408
195 838.816452 523.244170
196 238.001666 511.256847
197 724.159380 325.686252
198 701.131577 828.188861
199 313.795179 822.993437
200 456.411189 63.089906
201 631.218601 752.494635
202 194.596163 11.017580
203 513.898197 878.647072
204 549.773165 325.253117
205 455.498735 203.450624
206 41.341148 584.451525
207 748.519650 785.483006
208 990.007535 110.395360
209 985.729672 750.593787
210 204.949586 940.191436
211 151.629249 726.709805
212 927.766657 146.788288
213 989.273956 115.868391
214 988.576498 522.982045
215 63.143934 328.509022
216 380.584718 496.616576
217 955.345322 348.217738
218 491.683504 28.473723
219 330.282218 769.533287
220 45.111774 159.387633
221 182.038027 757.087365
222 395.936175 819.406934
223 439.057773 211.266112
224 206.088223 489.367258
225 242.323684 793.743164
226 677.919955 314.025607
227 636.068412 365.649834
228 464.716582 305.947437
229 114.171521 821.810620
230 96.331584 350.625904
231 450.736693 266.387791
232 259.086228 825.852473
233 509.948375 968.441542
234 551.301472 782.146323
235 278.158488 560.327182
236 399.307771 796.089792
237 190.254922 497.514514
238 663.503886 804.705682
239 932.715731 885.328588
240 90.013062 456.551570
241 297.353916 396.275213
242 170.711015 773.995087
243 332.609476 151.028674
244 162.877230 211.173578
245 993.347211 116.822974
246 989.446973 513.430069
247 725.469722 788.902247
248 491.818862 136.557246
249 938.257396 663.849803
250 39.398304 367.969315
251 115.198041 288.029691
252 813.534811 706.961614
253 393.170625 470.038037
254 178.236948 507.506155
255 800.199525 582.976438
256 426.025514 364.570865
257 983.596526 750.522914
258 844.512203 233.738967
259 183.159981 110.190352
260 487.767439 813.944251
261 408.201843 277.826520
262 256.267615 294.426976
263 262.524815 599.323515
264 890.188704 169.554170
265 628.073689 768.668925
266 263.039419 458.937320
267 465.835944 915.884531
268 926.104232 335.319060
269 321.669101 324.063176
270 198.892381 858.990223
271 735.082780 521.627645
272 226.766441 245.037051
273 640.606470 614.100190
274 334.149570 848.507821
275 24.223539 369.084980
276 690.188182 842.626825
277 551.455942 748.829853
278 773.472330 386.473392
279 619.033398 296.648046
280 373.393646 931.081732
281 298.684288 26.644464
282 897.946347 196.707249
283 939.435440 240.604835
284 571.253924 269.043755
285 773.910981 1.571035
286 698.830595 208.464995
287 734.470741 830.538703
288 554.563119 543.903059
289 826.631414 560.878435
290 600.624947 31.765221
291 830.063991 184.495342
292 690.011658 100.329987
293 801.563874 954.405691
294 621.112918 471.352114
295 839.740602 970.324065
296 914.712618 553.145158
297 837.776065 967.017757
298 966.035846 333.199791
299 498.451913 49.599705
300 787.937584 663.434373
301 714.747798 675.595125
302 406.054524 27.464251
303 529.664396 270.531218
304 592.718323 106.814305
305 280.525926 481.963082
306 33.654787 721.789392
307 205.869336 226.263437
308 209.970307 12.755384
309 747.127858 363.167434
310 247.653187 48.873328
311 12.669238 44.978166
312 737.794518 403.867996
313 388.349762 530.502498
314 62.958961 622.201055
315 76.597023 528.200702
316 78.613693 914.058386
317 425.135982 938.697867
318 93.248647 863.850041
319 266.824435 203.718419
320 966.799381 414.460339
321 133.665453 336.670134
322 804.209484 898.274744
323 130.915892 109.517100
324 159.445868 426.049128
325 461.311969 801.245730
326 885.008055 515.976351
327 74.783952 375.141878
328 762.947349 447.843659
329 685.634056 945.261177
330 835.640089 460.964101
331 447.002760 916.888540
332 918.034566 579.603467
333 901.550852 241.447265
334 117.818011 545.914303
335 437.635459 813.231798
336 315.927278 67.926374
337 371.860397 153.502822
338 467.052196 348.933360
339 951.732324 176.896513
340 268.258522 654.653387
341 26.256344 15.765014
342 213.582524 495.831076
343 867.655284 589.978256
344 303.427276 856.487036
345 643.999596 852.881831
346 709.816027 781.810480
347 340.385479 418.519526
348 512.035417 554.729190
349 505.400786 580.893341
350 211.927409 636.480325
351 59.969937 572.947609
352 114.065599 524.044812
353 547.270184 281.128061
354 813.278129 686.096640
355 625.263722 530.780771
356 970.455833 779.157979
357 307.491116 488.320138
358 277.310863 416.939621
359 443.123650 688.008417
360 11.727680 868.385998
361 193.873140 684.354413
362 867.575050 193.731857
363 813.209984 355.552156
364 806.323504 492.918438
365 862.441247 439.044856
366 522.540303 137.004394
367 108.552297 967.213449
368 741.309730 80.746876
369 740.317397 889.353027
370 972.853407 613.316882
371 212.035624 315.514459
372 538.101930 194.151813
373 978.350561 498.452815
374 648.695544 342.237830
375 618.963483 881.838071
376 75.868204 899.652951
377 368.651528 286.047519
378 474.895959 373.991469
379 865.853610 577.273755
380 745.267066 479.329111
381 12.188797 971.345684
382 901.458023 441.677314
383 195.622978 460.574815
384 805.175884 112.414134
385 771.601679 720.101805
386 767.154245 441.968727
387 619.318114 249.634179
388 465.066472 406.074641
389 794.387065 437.128303
390 843.846453 48.196838
391 784.547266 692.884150
392 665.683852 904.276487
393 641.615801 795.684858
394 159.187159 709.725820
395 310.770225 117.026888
396 780.684460 953.645633
397 807.335222 445.151556
398 445.358688 541.525970
399 501.602509 717.501666
400 711.890100 555.230023
401 663.813979 88.391879
402 311.506012 857.850855
403 594.289909 408.095202
404 100.813762 81.068424
405 117.785331 370.211868
406 987.519783 353.924682
407 956.509595 296.101315
408 629.113990 984.472842
409 512.845251 768.321792
410 736.825698 189.546137
411 890.654324 99.436113
412 630.633228 882.930502
413 563.161580 928.206495
414 285.836380 478.514903
415 955.755590 72.115024
416 487.677336 642.531508
417 353.650454 133.310700
418 867.722224 937.787461
419 967.202308 254.497934
420 534.191856 342.829053
421 691.776277 851.945435
422 728.157241 700.267827
423 84.411261 114.708539
424 438.491470 251.037582
425 346.131483 552.321975
426 190.696346 545.139963
427 646.605137 897.634353
428 288.199104 184.475787
429 956.952229 227.119421
430 629.440161 49.647892
431 666.855071 247.913488
432 850.050625 890.160554
433 653.726644 318.992257
434 946.643676 416.229873
435 144.543447 923.314520
436 727.221469 320.457815
437 665.051247 988.424113
438 402.925037 978.912716
439 606.403276 664.915689
440 386.831657 933.696980
441 455.892458 915.333902
442 897.730693 642.872778
443 536.290613 540.489595
444 280.285164 398.654898
445 177.408962 75.840716
446 47.713166 761.069477
447 603.846172 327.499801
448 529.099964 331.815740
449 464.491480 185.593635
450 660.677475 201.858022
451 852.202160 752.115409
452 898.885232 946.312988
453 866.175948 751.072708
454 452.752944 611.487362
455 254.890933 650.650062
456 34.121557 741.459768
457 444.086595 920.267421
458 106.446161 125.389438
459 302.111527 369.831408
460 176.400784 611.773911
461 324.064962 574.138832
462 17.231596 32.166508
463 526.510339 972.307438
464 838.781526 4.403805
465 236.141363 350.271616
466 326.336092 144.182167
467 128.632133 63.795884
468 158.916590 3.861390
469 328.004596 540.122387
470 87.373380 878.662897
471 112.197942 308.282929
472 903.608730 472.968582
473 787.126785 51.270349
474 664.485016 303.215894
475 589.365564 947.677455
476 347.450806 628.923271
477 56.698979 876.076730
478 709.643852 649.669789
479 166.129472 892.327156
480 498.206632 683.391196
481 680.534209 758.159162
482 316.776456 50.144271
483 568.016048 198.802686
484 391.588988 425.529996
485 62.093962 998.087113
486 200.360496 499.255136
487 916.230413 1.356162
488 428.090533 876.851614
489 672.794510 589.704949
490 996.153567 296.360608
491 314.411306 213.460149
492 974.524492 396.829328
493 494.749318 128.488588
494 31.709578 471.755549
495 656.149932 565.833549
496 702.930906 868.155644
497 733.103564 183.342059
498 164.339000 950.719719
499 813.429463 797.360536
500 389.504872 840.557384
501 83.117408 73.240357
502 534.169208 459.326164
503 616.140965 65.308764
504 146.203074 762.074041
505 87.153872 240.124666
506 329.961159 425.916200
507 282.832358 891.253171
508 307.684717 676.705862
509 366.727907 659.456261
510 915.338709 382.147093
511 212.846605 209.111639
512 446.243196 17.337771
513 764.772585 979.835432
514 913.086679 617.518791
515 300.005042 331.698671
516 237.384710 372.845443
517 683.278970 333.091541
518 95.174207 91.285869
519 177.992719 902.203366
520 148.710289 358.289740
521 151.465647 6.250457
522 176.159183 855.661012
523 57.601452 146.997980
524 174.756906 967.105697
525 409.634412 416.785875
526 857.630514 494.216278
527 65.986913 996.183385
528 90.454768 34.192553
529 43.868190 82.560326
530 721.344134 329.388190
531 248.096494 888.277467
532 945.856187 688.810854
533 956.727415 527.862628
534 818.709144 402.993437
535 640.423486 325.452881
536 774.793014 926.192739
537 709.101322 316.947558
538 54.280213 483.660599
539 77.244314 495.730463
540 740.118165 676.772213
541 18.370235 656.484399
542 710.912737 605.085082
543 639.494971 528.534304
544 188.188327 1.940987
545 448.035019 258.320257
546 714.236662 889.012782
547 906.442742 200.014958
548 335.243127 295.236575
549 573.970317 403.964730
550 484.105600 656.859074
551 420.309680 154.547104
552 558.338055 617.868836
553 162.457274 402.201939
554 470.677078 83.869382
555 24.004025 958.807497
556 513.486349 547.490979
557 145.152610 881.236219
558 722.780572 899.727274
559 982.115597 554.839970
560 553.667031 169.121543
561 426.149617 606.777784
562 86.229333 889.516932
563 45.331900 928.513425
564 169.354618 87.123606
565 806.288080 767.474648
566 879.732150 198.945491
567 868.430530 59.779081
568 424.227251 587.147160
569 559.868715 919.096891
570 146.061830 697.732126
571 442.004808 471.133388
572 608.709071 326.941220
573 448.928650 28.879644
574 826.135785 905.069845
575 448.078400 940.692670
576 584.003659 184.941864
577 210.234375 311.431042
578 453.665986 231.066208
579 699.765385 196.285945
580 539.274110 145.542390
581 800.148077 797.611357
582 218.033517 538.069363
583 75.131983 656.971889
584 134.626505 349.951684
585 932.523768 827.789575
586 493.044904 275.785624
587 605.416245 538.386573
588 252.552817 691.547443
589 694.789441 910.883558
590 179.225750 694.094662
591 627.761764 888.327855
592 830.489547 584.630217
593 277.371710 640.590391
594 457.308391 887.468925
595 162.621950 368.982916
596 497.148380 785.484375
597 101.618619 610.212728
598 800.569479 674.903092
599 925.990954 852.205056
600 985.274889 394.652831
601 881.377571 517.487598
602 343.674130 569.260080
603 636.617315 144.246156
604 543.491960 419.331033
605 403.384090 900.823875
606 955.682497 339.939966
607 528.357008 406.350816
608 819.883755 524.787063
609 61.618020 198.354883
610 614.875224 922.777710
611 227.821787 87.618737
612 939.976696 853.713704
613 430.783065 71.211961
614 933.054061 681.076185
615 407.479176 436.541208
616 751.773707 42.419072
617 414.066332 182.425591
618 926.973827 271.680862
619 874.360389 907.618373
620 460.497919 812.761734
621 750.333752 872.860185
622 384.561780 620.001986
623 4.532420 29.463125
624 125.702060 768.736679
625 915.917801 425.588803
626 423.581170 757.890958
627 683.490536 550.798199
628 743.399826 276.618625
629 706.153924 860.114137
630 90.394595 528.276963
631 162.627461 930.752564
632 885.875505 557.568394
633 31.821407 447.841757
634 96.483812 410.469918
635 491.935398 489.863265
636 121.828102 371.609213
637 715.645722 390.212304
638 40.382220 970.036419
639 439.097274 788.189280
640 689.506054 921.878738
641 324.017762 350.898407
642 712.676031 687.154568
643 55.123387 46.943219
644 145.489083 858.063173
645 319.086798 783.472897
646 331.730689 167.353962
647 296.689627 680.047554
648 961.773174 507.919927
649 66.383294 245.954414
650 807.798560 988.547406
651 365.333837 252.021234
652 293.815010 715.794723
653 483.127525 143.636798
654 383.164225 688.260181
655 673.665980 428.603283
656 392.192208 917.039711
657 362.380719 591.608264
658 245.983625 644.963403
659 598.749090 736.519277
660 380.535491 327.238657
661 658.194611 338.366913
662 965.473331 857.417725
663 432.806620 198.797343
664 372.389022 375.145500
665 266.915728 941.938612
666 846.106125 875.933282
667 191.412772 162.039512
668 149.655347 758.242556
669 89.800909 639.903593
670 548.469148 389.452688
671 189.322044 882.055129
672 875.280927 749.824651
673 412.099887 604.737972
674 574.441048 222.362854
675 544.094153 684.262041
676 562.838666 636.515265
677 883.761512 525.876466
678 464.344034 744.942089
679 17.670568 765.262420
680 275.663801 415.121188
681 636.919817 709.902603
682 803.727329 951.348755
683 856.059033 951.998822
684 278.199017 127.731671
685 325.316005 140.272481
686 387.438362 709.057661
687 537.282227 984.897409
688 612.205567 463.968576
689 120.812733 187.978639
690 138.637646 933.650403
691 587.746717 141.403917
692 820.496070 509.293617
693 952.157055 914.560049
694 630.413751 692.865970
695 877.188835 266.319133
696 790.845796 768.278885
697 521.147997 158.864489
698 307.654780 493.818016
699 52.353200 525.339892
700 942.738254 841.747210
701 881.365267 848.969721
702 756.832268 257.284617
703 19.560499 448.211919
704 229.601613 386.688132
705 614.615173 230.669494
706 621.354043 732.977221
707 636.320741 77.900589
708 679.191934 237.856287
709 890.250181 953.930846
710 10.142074 359.694824
711 22.148100 292.186303
712 444.779877 819.957888
713 942.518147 208.728781
714 497.091929 824.269618
715 148.733604 614.090037
716 589.796609 229.332107
717 751.097639 351.664644
718 59.069361 823.210315
719 619.632220 77.536086
720 78.595615 614.033138
721 959.975598 714.774439
722 550.101223 780.949716
723 799.620034 964.657640
724 695.986428 731.219440
725 319.823331 537.933382
726 559.416248 528.602243
727 703.878353 481.151714
728 868.196580 810.756393
729 189.027639 216.262879
730 750.992117 197.138162
731 307.160552 686.089680
732 607.918051 103.938626
733 878.532593 303.946082
734 32.265316 828.880538
735 183.098146 242.589700
736 56.094316 746.238068
737 875.648865 965.858558
738 149.659687 461.231091
739 633.802349 805.757022
740 343.104609 812.984297
741 231.986498 818.420065
742 558.590117 686.531454
743 719.917105 114.298711
744 742.001152 696.883116
745 650.667443 351.073745
746 665.597661 941.965845
747 851.280198 102.218986
748 336.456027 186.279916
749 57.974138 369.799096
750 790.272065 33.411436
751 848.348467 597.001370
752 676.073727 873.073788
753 694.590514 154.064777
754 444.618348 647.142882
755 634.543355 420.683700
756 141.725565 769.188845
757 11.591243 268.627671
758 777.523436 853.296998
759 969.673288 960.232801
760 993.562578 260.508863
761 906.336055 221.584384
762 281.978931 855.003956
763 884.588800 523.624405
764 324.362575 777.181590
765 83.424943 410.081446
766 112.716813 487.091216
767 727.226880 48.035080
768 390.868114 809.198927
769 575.870689 45.090349
770 611.913784 218.266558
771 980.200784 976.552204
772 45.771492 146.159234
773 711.644870 996.654028
774 890.620671 660.686175
775 260.091396 369.808139
776 243.002726 470.118032
777 60.753818 751.010441
778 563.573367 840.814526
779 158.596592 568.945122
780 838.977244 680.433267
781 148.000393 921.000088
782 985.041157 735.481714
783 835.694727 976.316830
784 162.459184 579.511540
785 966.588215 1.163467
786 583.369098 827.045049
787 524.978492 770.333147
788 75.696670 798.361457
789 577.724333 308.934498
790 141.870261 681.560641
791 361.315571 620.854193
792 499.485351 90.860252
793 331.376661 303.336735
794 123.724603 803.871804
795 190.991998 721.539813
796 624.816357 375.640175
797 493.342604 722.587919
798 388.540106 273.519886
799 274.494924 705.561103
800 283.765025 154.500704
801 313.784782 232.019720
802 898.233147 915.384364
803 42.090459 261.079829
804 202.276611 186.252840
805 822.390431 523.718561
806 259.883576 8.958057
807 312.353589 512.902151
808 107.505153 544.901870
809 885.310424 59.293870
810 203.221441 790.163917
811 633.805649 486.713059
812 912.361871 441.074663
813 309.034533 897.180161
814 340.401146 249.619372
815 659.816137 222.297549
816 449.929230 435.597963
817 26.358873 295.878837
818 805.719529 981.255106
819 716.924915 352.154761
820 480.397071 924.133651
821 649.601817 34.546351
822 622.933986 85.193542
823 976.740995 211.911624
824 943.176885 21.777570
825 926.224762 642.334785
826 897.837020 378.794304
827 891.574364 798.941963
828 676.850582 226.527802
829 882.014038 977.891055
830 183.743301 419.772155
831 803.956835 145.597383
832 79.609943 490.528997
833 686.979873 850.421105
834 617.545625 95.294018
835 890.208368 923.456264
836 432.843122 577.998651
837 529.129031 623.725303
838 673.995954 780.961254
839 848.205145 344.997191
840 860.524401 838.741885
841 31.267326 994.611251
842 635.867798 323.583465
843 989.505322 679.102714
844 147.063149 776.160920
845 995.987913 387.090297
846 127.656236 351.650016
847 645.989225 946.800093
848 886.268943 38.665145
849 514.002123 653.763956
850 310.471758 667.405604
851 51.169688 613.645042
852 684.088262 713.388629
853 720.968652 25.806613
854 585.784078 724.435974
855 106.329229 345.154889
856 387.769620 51.120868
857 737.977712 502.950546
858 905.672643 444.670277
859 691.640114 141.697128
860 564.113119 1.357187
861 580.845955 124.879727
862 37.239293 878.706156
863 432.423518 419.239949
864 699.460695 186.374948
865 73.379018 815.438586
866 378.840095 463.363650
867 80.704132 852.370702
868 844.083380 193.242002
869 49.757281 741.061844
870 175.792190 880.374705
871 922.216377 45.988840
872 673.621776 312.663491
873 381.201599 374.831871
874 233.211895 770.113812
875 869.018712 352.079247
876 190.236022 103.573170
877 612.075091 707.569812
878 473.640493 804.276705
879 147.871825 397.972551
880 536.121354 412.375768
881 240.577070 297.366462
882 937.113914 871.412814
883 744.537431 142.498304
884 642.045896 725.746403
885 929.185580 98.959497
886 71.332351 379.218174
887 14.153735 526.437747
888 683.566334 985.893321
889 180.004791 264.363105
890 409.586416 927.494721
891 117.843632 33.681859
892 567.578452 247.190378
893 260.173321 356.156239
894 984.095723 855.682376
895 195.712273 729.501398
896 921.857987 803.085296
897 412.489882 664.835886
898 72.416472 418.870138
899 436.389912 592.335036
900 310.248829 662.190137
901 636.412454 571.641582
902 124.573984 596.192413
903 453.276463 205.501574
904 646.154110 502.460063
905 574.587272 148.257173
906 968.576709 785.516834
907 627.643955 125.243088
908 26.987087 482.366855
909 290.063900 434.796442
910 641.967726 888.329938
911 328.753111 491.504511
912 462.237438 537.973120
913 969.352306 87.478629
914 447.070206 538.726686
915 171.140436 697.856594
916 217.809794 44.813823
917 836.478982 337.400167
918 77.582890 480.410324
919 719.231873 186.967988
920 749.290294 973.491113
921 813.197285 451.808748
922 914.181859 345.608808
923 299.439381 688.032935
924 446.797767 917.888704
925 710.509282 139.286210
926 836.785115 339.813840
927 829.896698 462.560876
928 664.075507 624.912293
929 986.654493 590.246371
930 151.135723 586.249022
931 827.990548 374.933938
932 754.480134 904.661994
933 356.722590 94.153878
934 477.360302 133.973253
935 5.843422 854.138960
936 86.523558 49.943116
937 789.045369 424.870710
938 698.158754 883.525537
939 113.904298 63.079881
940 261.624569 144.021732
941 673.525316 435.536253
942 314.281535 934.017682
943 942.803623 841.877078
944 6.726007 885.530991
945 197.055922 554.387371
946 804.950861 105.580841
947 643.628530 241.559696
948 464.433912 809.434561
949 211.191001 122.924596
950 840.882028 641.072535
951 776.774813 714.557377
952 853.335110 32.953516
953 127.218443 767.830833
954 447.561025 340.949900
955 749.531906 278.397397
956 721.148873 905.362877
957 623.795195 248.048716
958 466.434656 635.215894
959 552.556744 219.013913
960 263.369770 190.563846
961 202.299449 468.422987
962 911.669795 346.344529
963 955.393409 150.074837
964 430.057081 661.338414
965 875.056422 601.313885
966 70.137403 147.091073
967 571.194084 494.733499
968 793.427705 234.192184
969 521.593859 507.588189
970 442.278113 967.094146
971 450.798130 706.210578
972 398.908399 23.691905
973 698.083583 898.393764
974 871.505300 852.175294
975 116.325263 793.612823
976 72.303796 945.203760
977 935.125430 929.124236
978 459.802101 30.242650
979 194.439140 969.395155
980 905.736424 744.939050
981 809.029497 166.979664
982 117.168446 187.704862
983 59.437615 484.871674
984 895.014810 586.212890
985 321.753462 123.529841
986 842.574433 210.301576
987 146.325866 970.182583
988 951.086269 570.822860
989 374.650680 793.686148
990 84.076406 892.256482
991 844.028752 845.122616
992 758.230244 824.453338
993 371.185742 892.488336
994 775.751751 367.659574
995 128.898514 617.237909
996 201.648667 25.012021
997 233.773442 731.112683
998 899.108830 267.984634
999 348.674186 133.596752
1917
0 76
0 178
0 301
0 642
0 694
0 852
1 256
1 660
1 873
2 609
2 649
2 757
2 803
3 33
3 215
3 250
3 749
4 99
4 557
5 894
5 906
6 432
6 619
6 666
6 974
7 278
7 309
7 312
7 386
7 937
8 177
8 675
8 742
8 849
9 199
9 232
9 762
10 137
10 472
10 648
10 812
11 237
11 383
11 738
12 21
12 178
12 928
13 118
13 367
13 987
14 22
14 83
14 416
14 958
15 296
15 533
15 559
15 988
16 500
16 605
16 993
17 244
17 667
17 729
17 804
18 71
18 563
18 862
18 944
19 275
19 710
20 100
20 254
20 334
20 352
21 400
21 489
21 542
22 132
22 454
22 958
23 86
23 235
23 263
23 582
24 252
24 451
24 453
24 672
24 774
24 780
25 99
25 229
25 318
25 644
26 77
26 119
26 743
26 883
27 53
27 593
27 900
28 270
28 522
28 671
28 810
29 50
29 66
29 361
30 258
30 917
30 968
31 104
31 219
31 626
31 686
31 989
32 226
32 517
32 537
33 215
33 230
33 327
34 81
34 139
34 244
35 312
35 380
35 727
35 941
36 277
36 742
36 854
37 765
37 898
38 624
38 756
38 794
38 844
38 975
39 91
39 684
40 75
40 270
40 741
40 810
41 221
41 242
41 668
42 77
42 119
42 155
42 473
42 946
43 185
43 235
43 461
43 469
43 725
44 459
44 515
44 893
45 198
45 247
45 287
46 96
46 180
46 264
46 384
47 343
47 379
47 984
48 158
48 476
48 509
48 791
48 900
49 409
49 596
49 678
49 797
49 971
50 588
50 795
50 895
50 997
51 129
51 255
51 592
51 751
51 950
52 104
52 654
52 686
52 897
53 340
53 588
53 647
53 799
54 94
54 321
54 520
54 577
54 889
55 330
55 365
55 534
55 921
56 222
56 236
56 335
56 639
57 212
57 411
57 885
58 292
58 368
58 767
58 821
59 322
59 536
59 621
59 758
59 932
60 151
60 634
61 287
61 546
61 621
61 629
62 449
62 551
62 617
63 68
63 892
64 162
64 388
64 502
64 607
64 816
64 880
65 109
65 154
65 447
65 670
66 101
66 350
66 455
66 588
66 658
67 69
67 580
67 861
67 905
68 284
68 353
69 304
69 769
69 792
69 861
70 97
70 624
70 777
70 788
70 975
71 360
71 862
71 944
72 85
72 363
72 436
72 717
73 138
73 206
73 887
74 108
74 497
74 753
74 883
74 919
75 232
75 270
75 531
75 762
76 160
76 481
76 681
76 852
76 884
77 384
77 730
77 831
78 131
78 337
78 417
79 112
79 458
79 966
80 597
80 902
80 995
81 251
81 505
81 735
82 829
83 349
83 837
83 849
84 285
84 473
84 616
84 750
84 853
85 363
85 955
86 263
86 350
86 460
86 582
86 658
86 945
87 155
87 164
87 170
87 390
87 473
87 750
88 330
88 364
88 526
88 692
89 406
89 845
90 125
90 306
90 583
91 183
91 336
91 611
92 132
92 348
92 349
92 556
92 912
93 185
93 196
93 235
93 305
94 371
94 465
94 516
94 595
94 704
95 364
95 386
95 397
95 921
96 291
96 981
97 184
97 211
97 570
97 583
97 777
97 953
98 128
98 191
98 299
98 769
99 318
99 470
100 254
100 426
100 779
101 123
101 350
101 361
102 121
102 375
102 786
103 227
103 637
103 655
103 755
104 359
104 971
105 268
105 618
105 733
105 922
106 315
106 539
106 699
107 418
107 452
107 709
107 737
107 835
108 925
109 403
109 549
109 670
109 796
110 262
110 515
111 662
111 882
112 505
112 609
112 982
113 168
113 233
113 413
113 463
113 820
114 323
114 423
114 458
114 518
115 163
115 333
115 695
116 536
116 932
117 228
117 448
117 586
118 316
118 690
118 987
119 368
120 172
120 207
120 247
120 346
121 345
121 739
121 786
122 560
122 580
122 697
122 905
123 350
123 460
123 590
123 715
123 790
124 484
124 525
124 615
125 541
126 332
126 370
126 988
127 271
127 400
127 627
127 727
127 857
127 904
128 182
128 554
128 792
129 300
129 950
130 172
130 422
130 724
130 744
131 551
131 554
131 613
131 933
131 934
132 349
133 148
133 250
133 633
133 898
134 306
134 456
135 181
135 311
136 197
136 436
136 537
137 320
137 373
137 434
138 541
139 689
140 239
140 693
140 802
140 977
141 313
141 425
141 911
142 259
142 667
142 949
143 291
143 702
143 730
143 968
143 981
144 521
144 891
145 445
145 467
145 521
145 996
146 186
146 334
146 902
146 930
147 211
147 221
147 874
147 895
148 240
148 633
148 898
148 918
149 317
149 457
149 575
149 970
150 260
150 714
151 636
151 879
152 407
152 419
152 490
152 618
152 760
153 194
153 223
153 578
153 903
154 204
154 420
154 670
155 170
155 473
156 179
156 322
156 574
156 666
156 758
156 991
157 620
157 948
158 509
158 622
158 897
159 164
159 464
159 750
160 724
160 852
161 377
161 548
161 801
161 814
162 502
162 571
162 635
162 816
163 258
163 362
163 566
163 761
163 986
164 952
165 511
165 804
165 940
165 960
166 576
166 603
166 716
166 770
167 293
167 396
167 536
167 682
168 203
168 569
168 594
168 820
169 477
169 718
169 734
169 867
170 747
170 946
171 273
171 552
171 587
171 901
172 346
172 481
172 724
173 259
173 323
173 564
174 269
174 641
174 660
174 664
174 793
175 385
175 696
175 951
176 347
176 484
176 615
176 866
177 676
177 837
177 849
178 478
179 499
179 758
179 991
180 384
180 747
180 946
181 529
181 643
182 191
182 200
182 554
183 281
183 310
183 336
183 482
183 806
184 306
184 869
185 725
185 807
186 779
186 784
187 423
187 523
187 529
187 966
188 345
188 412
188 752
188 910
189 280
189 665
189 942
190 392
190 427
190 752
190 910
191 299
191 978
192 243
192 428
192 466
192 646
192 800
193 255
193 300
193 478
193 540
193 542
194 205
194 372
194 578
195 289
195 526
195 601
195 805
196 305
196 342
196 582
196 776
197 436
197 530
197 717
198 238
198 276
199 274
199 344
199 402
199 645
199 740
200 554
200 613
200 978
201 265
201 481
201 706
201 884
202 308
202 544
202 996
203 569
203 714
203 778
204 353
204 420
204 448
204 789
205 449
205 903
206 351
206 851
207 247
207 581
207 696
207 992
208 213
208 913
209 257
209 782
210 498
210 519
210 531
210 631
210 665
210 979
211 221
211 394
211 668
212 264
212 339
212 885
212 963
213 245
213 963
214 246
214 533
214 559
215 471
215 817
216 253
216 313
216 866
216 911
217 406
217 492
217 510
217 606
218 299
218 860
218 978
219 652
219 764
219 989
220 523
220 609
220 772
221 810
221 874
222 500
222 768
223 663
223 903
224 342
224 486
224 961
225 232
225 645
225 741
225 810
225 874
226 517
226 872
227 572
227 745
227 796
228 231
228 338
228 954
229 794
229 865
229 867
230 405
230 855
231 261
231 545
231 586
232 741
233 463
233 820
233 970
234 265
234 722
234 778
234 786
235 582
236 626
236 768
236 989
237 254
237 486
238 276
238 345
238 393
238 838
239 802
239 882
240 766
240 918
241 444
241 459
241 506
242 810
242 844
243 466
243 646
243 999
244 729
244 735
246 373
247 287
247 346
248 493
248 653
248 697
248 934
249 614
249 825
250 275
250 749
251 471
251 505
251 889
252 354
252 391
252 451
252 565
252 951
253 571
253 866
254 766
255 271
255 289
255 400
255 542
255 592
256 378
256 388
256 525
256 863
256 954
257 356
257 782
258 695
258 986
259 564
259 876
260 596
260 878
261 424
261 660
261 798
262 881
263 593
263 658
264 282
264 362
264 411
264 566
265 393
266 305
266 776
266 909
267 441
267 820
268 407
268 606
269 515
269 641
269 793
270 531
270 671
271 400
271 857
272 307
272 319
272 881
273 439
273 489
273 928
274 402
274 500
274 740
274 993
276 421
276 833
277 399
277 722
277 787
278 534
278 931
278 937
278 994
279 284
279 387
279 572
279 789
279 842
280 440
280 942
280 993
281 482
281 806
282 547
282 566
283 333
283 419
283 429
283 618
283 713
283 761
284 387
284 789
285 464
285 750
286 450
286 579
286 702
286 828
287 629
287 992
288 443
288 552
288 726
289 379
289 592
289 608
290 430
290 503
290 769
290 860
291 868
291 981
292 401
292 743
292 859
293 396
293 682
293 723
294 688
294 811
294 941
295 297
295 783
296 332
296 632
296 677
297 682
297 683
297 723
298 406
298 407
298 490
298 606
300 540
300 598
301 478
301 540
301 642
302 512
302 573
302 613
302 856
302 972
303 353
303 586
304 732
304 861
305 414
307 511
307 729
307 735
308 806
308 996
309 637
309 717
309 819
309 994
310 611
310 806
310 916
311 462
311 623
312 637
313 398
313 836
314 583
314 669
314 720
314 851
315 351
315 630
316 376
316 563
316 690
316 976
317 438
317 890
318 470
318 867
319 428
319 960
320 434
320 492
321 471
321 584
322 536
322 574
323 404
323 458
323 467
324 553
324 738
324 830
325 639
325 878
325 948
326 472
326 601
326 763
327 886
328 380
328 386
329 640
329 746
329 888
329 920
330 927
331 441
331 924
332 514
332 984
333 761
333 998
334 352
334 808
335 639
335 712
336 395
336 482
336 933
337 551
337 617
337 646
338 378
338 448
338 954
339 713
339 823
339 963
340 455
340 588
340 593
341 462
341 643
342 486
342 582
342 776
343 751
343 965
344 402
344 507
344 762
345 752
345 833
346 481
346 838
347 484
347 506
347 664
348 349
348 556
350 460
350 658
351 699
351 720
351 808
352 630
352 766
352 808
353 789
354 598
354 780
355 543
355 587
355 901
356 906
356 980
357 414
357 506
357 698
357 911
358 680
358 909
359 480
359 550
359 964
360 935
361 590
362 566
362 868
363 926
363 931
363 994
364 380
364 692
364 927
365 382
365 826
366 493
366 580
366 697
367 527
367 976
368 616
368 743
368 767
369 558
369 621
369 932
370 514
370 825
370 843
370 929
370 988
371 465
371 577
372 483
372 560
372 697
372 959
373 648
374 535
374 661
374 745
375 412
375 591
376 477
376 990
377 548
377 651
377 660
377 798
378 388
378 420
378 607
379 632
380 727
380 857
381 555
381 841
382 858
383 830
383 961
384 831
384 946
385 744
386 389
386 937
387 705
387 957
388 607
388 816
388 863
389 397
389 937
390 567
390 952
391 540
391 598
391 744
391 951
392 427
392 589
392 640
392 746
392 752
393 739
394 570
394 795
394 915
395 684
395 985
396 513
396 723
397 534
397 921
398 836
398 914
399 480
399 675
399 797
400 627
401 707
401 907
402 813
403 549
403 688
403 755
403 796
404 501
404 518
404 939
405 636
405 846
405 855
407 618
408 437
408 475
408 847
409 596
409 787
409 797
410 497
410 730
411 747
411 809
412 591
412 910
413 475
413 569
414 909
415 824
415 871
415 885
415 913
416 550
416 849
416 958
417 933
417 999
418 574
418 619
418 683
418 835
419 429
419 618
419 760
420 448
421 629
421 833
422 642
422 744
423 458
424 545
424 578
425 469
425 602
426 582
426 945
427 610
427 847
427 910
428 491
428 748
428 800
428 960
429 713
429 823
430 503
430 707
430 821
431 474
431 708
431 815
431 947
432 574
432 619
432 666
433 474
433 535
433 661
433 872
434 510
434 625
435 690
435 781
436 628
437 746
437 847
437 888
438 440
438 970
439 676
439 694
439 742
439 877
440 656
440 890
441 594
442 514
442 774
442 825
442 965
443 556
443 969
444 680
444 775
445 564
445 916
445 996
446 456
446 679
446 736
446 777
446 788
447 572
447 789
449 653
450 579
450 603
450 770
450 815
451 453
451 565
451 728
452 709
452 835
452 977
453 672
453 728
454 561
454 754
454 899
454 958
455 588
455 658
456 679
456 869
457 575
457 924
458 966
459 641
460 715
460 784
460 930
461 602
462 623
462 643
463 687
465 516
465 881
465 893
466 685
467 891
467 939
468 521
468 544
469 725
470 477
470 562
471 855
472 526
472 858
473 616
473 750
474 872
475 610
475 687
476 791
476 900
477 862
477 867
477 990
478 542
479 519
479 557
479 781
479 870
480 550
480 675
480 849
480 971
481 724
481 838
482 856
483 560
483 576
483 674
483 959
484 873
485 527
485 638
485 841
486 582
487 824
487 848
487 871
488 500
488 594
488 605
488 712
489 495
489 627
489 928
490 760
491 748
491 801
492 600
493 792
494 538
494 633
494 703
494 908
495 543
495 627
495 901
496 629
496 752
496 938
497 883
497 919
498 524
498 631
498 690
498 987
499 565
499 581
499 728
500 740
500 993
501 518
501 529
501 643
501 936
502 604
502 967
502 969
503 719
503 769
504 668
504 756
505 609
505 649
506 909
506 911
507 531
507 665
507 762
507 813
508 647
508 731
508 850
509 654
509 897
510 625
510 826
510 962
511 729
511 804
512 573
513 818
513 920
514 825
514 965
514 984
515 641
516 704
516 775
517 661
517 819
519 631
519 671
519 781
520 584
520 595
520 636
522 644
522 870
523 772
523 966
524 979
524 987
525 863
525 873
526 601
527 976
528 891
528 936
530 717
530 819
531 665
531 671
531 762
532 614
532 721
532 843
533 559
533 648
534 931
534 937
535 842
536 932
538 908
538 983
539 832
539 983
540 744
541 583
541 851
543 627
543 901
543 904
546 558
546 938
546 973
547 713
547 761
548 793
549 604
549 670
550 849
551 934
552 676
552 837
553 595
553 830
553 879
554 792
554 934
555 563
555 638
556 969
557 644
557 781
558 956
559 929
559 988
560 576
560 905
561 568
561 673
561 754
561 899
562 990
563 638
563 976
564 876
565 581
565 696
567 747
567 809
567 952
568 673
568 836
568 899
569 778
570 790
571 615
571 635
571 816
571 914
572 842
573 978
574 682
574 683
575 970
576 905
577 881
577 889
579 864
579 919
580 697
581 696
581 992
582 945
583 669
584 846
585 599
585 700
585 896
585 906
587 726
587 901
587 967
588 799
588 997
589 640
589 956
589 973
590 795
590 915
591 610
592 751
594 714
595 879
596 878
597 669
597 720
599 612
599 701
599 882
600 845
601 763
602 657
603 859
603 907
604 880
605 656
605 890
607 670
607 880
608 805
609 649
610 847
611 876
611 916
611 949
612 662
612 882
612 943
613 856
614 774
614 980
616 767
617 651
617 663
618 998
619 802
619 835
620 712
620 948
621 758
622 657
622 673
622 791
624 953
625 812
626 639
626 678
626 971
628 708
628 955
630 808
631 781
632 677
632 984
633 703
634 765
635 912
635 969
636 846
636 879
637 655
637 819
638 841
638 976
639 678
641 664
642 852
643 936
644 870
645 740
645 764
646 748
647 923
649 803
650 783
650 818
651 798
651 814
652 799
652 923
653 934
655 755
655 941
656 890
656 993
657 791
659 706
659 854
659 877
660 793
662 894
662 943
664 873
665 942
666 974
666 991
667 804
667 949
669 720
669 790
670 880
671 870
672 827
672 980
674 716
674 892
674 959
675 742
675 849
677 763
679 734
680 704
681 694
681 877
681 884
683 737
684 800
684 940
685 985
685 999
688 755
688 967
689 982
691 861
691 905
691 907
692 805
693 759
694 877
695 733
695 998
698 807
698 911
699 887
699 983
700 943
701 974
702 730
702 955
704 830
705 716
705 770
705 957
706 877
706 884
707 719
707 822
708 828
709 737
710 817
711 757
711 803
711 817
713 761
714 778
715 930
715 995
716 770
716 892
717 819
717 994
718 734
718 865
719 822
721 782
721 843
721 980
722 787
723 818
725 807
726 967
726 969
727 857
727 904
728 827
728 840
729 735
729 804
730 981
731 923
732 834
732 907
733 839
733 875
733 998
734 935
735 889
736 777
736 869
737 829
738 766
739 786
740 989
742 854
743 883
743 925
746 847
749 886
752 833
752 938
753 859
753 864
754 958
754 964
755 796
756 844
756 953
757 803
758 992
759 771
759 977
765 886
766 832
767 853
768 989
769 860
773 888
773 920
774 780
774 950
775 893
776 961
778 786
779 784
779 945
780 950
782 843
783 818
784 930
785 824
788 865
788 975
790 995
794 975
795 895
795 915
797 971
799 923
799 997
800 940
801 814
802 835
802 977
807 911
809 848
809 871
810 874
811 904
811 941
812 858
813 942
813 993
815 828
815 947
816 863
821 853
822 834
824 871
826 875
826 962
827 896
827 980
831 981
832 918
832 983
834 907
836 899
837 849
839 875
839 926
839 931
840 974
840 991
846 855
848 871
848 952
850 900
854 877
856 933
856 972
859 925
864 919
865 867
866 911
868 986
871 885
874 997
875 962
876 949
878 948
885 913
887 908
891 939
892 959
894 906
895 997
896 906
896 980
897 964
902 930
902 995
912 914
916 996
917 926
918 983
920 956
921 927
922 962
926 931
929 988
933 985
936 939
938 973
940 949
940 960
942 993
947 957
956 973
965 984
967 969
985 999
