1000
20
0 972.683180 664.906249
1 325.647536 232.456228
2 578.389685 788.323172
3 388.818875 298.959779
4 173.617445 253.897532
5 551.092111 557.995203
6 986.292753 60.120559
7 873.880231 776.463955
8 659.523567 389.117774
9 887.843113 82.522699
10 509.437930 433.797862
11 132.323634 250.374455
12 680.759123 692.905728
13 659.185960 116.919325
14 708.692684 87.525812
15 701.526110 382.736982
16 324.802458 308.245683
17 52.451148 746.161885
18 954.904192 389.104571
19 825.100124 46.751247
20 248.606856 622.614763
21 172.306648 853.234792
22 152.983248 579.558470
23 232.778863 721.074504
24 496.953266 177.926632
25 40.400235 166.051786
26 788.314759 457.280026
27 384.229749 252.838047
28 941.957810 957.977458
29 639.008165 581.294228
30 955.651278 379.129491
31 399.452356 368.283715
32 128.890195 494.800586
33 346.346620 269.072031
34 280.645632 144.896274
35 148.417257 559.925986
36 563.459616 485.336276
37 361.201696 312.313684
38 894.178915 581.528470
39 222.601615 229.146367
40 725.724069 859.822503
41 964.534827 884.791482
42 869.640219 893.536503
43 761.078116 213.126094
44 345.779467 493.313242
45 715.719278 221.688300
46 783.314287 95.977662
47 353.813308 75.023506
48 726.384829 1.730443
49 931.064441 886.612030
50 308.033142 96.427123
51 494.831797 786.302234
52 147.679662 313.856001
53 42.283804 88.964199
54 0.248502 242.342242
55 307.902163 680.116511
56 639.150037 960.669764
57 682.563234 55.568612
58 690.680374 400.226103
59 517.401448 804.660028
60 653.999248 273.440228
61 597.885333 710.466720
62 138.699006 882.996657
63 887.013777 55.384195
64 431.079675 931.973691
65 731.266600 166.785566
66 860.595639 791.967575
67 598.919881 714.992400
68 79.541896 554.428387
69 77.563370 784.584812
70 291.898978 589.847377
71 296.133598 280.116417
72 671.357244 270.100042
73 156.502931 798.589089
74 693.893029 971.162630
75 760.641565 703.581108
76 876.870220 466.584466
77 201.595778 769.711674
78 464.493108 346.511885
79 450.002337 431.163781
80 928.537020 152.724253
81 412.585713 364.276140
82 763.635837 507.056364
83 365.061242 861.754556
84 948.006122 628.745154
85 869.093619 214.841753
86 613.339638 285.653779
87 971.437337 109.823613
88 921.697688 404.988726
89 953.111456 866.539410
90 882.591812 281.041303
91 147.438403 199.102040
92 860.037491 560.647380
93 378.002462 62.823819
94 817.218597 961.474357
95 381.060518 66.382184
96 925.502112 983.908206
97 171.664098 874.548666
98 24.894379 714.226939
99 688.728306 4.343969
100 564.631204 184.911701
101 211.509763 426.270527
102 75.446254 657.360231
103 978.432267 422.313232
104 929.163429 622.931640
105 158.925606 223.688269
106 126.610358 280.165491
107 829.919116 53.858562
108 121.452211 739.182430
109 890.858695 336.123910
110 235.395964 228.687347
111 914.591821 990.132665
112 49.317337 136.660197
113 776.192772 937.951019
114 265.213836 802.734115
115 527.775270 167.864689
116 925.489070 598.423688
117 394.567979 962.877468
118 548.925038 980.781095
119 956.003783 190.909581
120 696.800660 885.721492
121 545.300423 874.988137
122 717.966264 39.173138
123 651.987137 614.260967
124 938.285617 507.371714
125 644.058272 810.454286
126 357.708163 82.032863
127 439.910832 69.433466
128 997.336173 901.800161
129 854.950591 593.815620
130 399.202849 48.280652
131 223.727051 860.121141
132 423.078862 723.143661
133 555.684534 382.741405
134 407.476744 12.172684
135 921.092841 907.037725
136 966.123697 172.824519
137 983.448259 945.176748
138 176.525162 843.763390
139 595.611285 170.845663
140 683.843189 568.002383
141 159.174711 822.780543
142 291.164762 545.698242
143 10.032153 932.079366
144 936.337331 588.309738
145 437.843202 884.560938
146 565.900095 832.743723
147 73.068530 556.969625
148 308.240873 892.277583
149 282.474803 24.615046
150 520.960705 770.460008
151 902.485070 628.075012
152 741.529119 44.856975
153 109.477926 7.878727
154 305.664825 539.423136
155 477.114672 568.626767
156 414.478633 947.443278
157 303.000050 717.793009
158 729.265925 641.402734
159 100.459644 139.493182
160 151.938769 211.808961
161 745.942242 309.793138
162 309.438415 113.901589
163 148.533492 437.669943
164 402.070702 169.351372
165 465.292387 24.526739
166 498.558963 569.463165
167 824.599730 275.202654
168 64.709801 457.061742
169 239.433654 664.707165
170 497.939206 126.153573
171 893.463984 67.447638
172 706.507948 371.621576
173 265.084145 989.508371
174 320.166509 545.623995
175 617.975314 609.577379
176 948.011788 433.032729
177 231.524316 530.407592
178 9.708881 145.160041
179 370.393676 370.236918
180 57.833309 849.187520
181 399.768088 582.381865
182 181.940257 300.124062
183 641.278913 181.257322
184 39.068964 822.784897
185 534.334138 374.365072
186 290.742469 603.196802
187 418.558347 452.332469
188 743.123525 891.999188
189 785.273580 672.871143
190 284.840172 996.824744
191 159.428515 289.565694
192 796.095051 746.307394
193 868.110087 322.690400
194 563.024797 445.279088
195 827.747908 146.791988
196 372.877038 208.881561
197 139.349056 478.564542
198 388.424077 962.732831
199 719.576484 888.582593
200 104.134259 326.952240
201 415.211740 531.747076
202 171.973084 63.762338
203 49.518555 393.837807
204 651.308208 761.549462
205 631.250785 985.355366
206 285.243319 952.679264
207 520.524941 78.874563
208 734.808670 918.027367
209 690.503285 782.420098
210 312.785848 18.099387
211 349.811159 968.914728
212 650.547693 508.778755
213 97.837812 840.539033
214 904.144829 449.154527
215 473.547232 196.880690
216 559.971796 489.545886
217 228.151434 797.040948
218 635.697944 39.753695
219 902.975991 58.404157
220 88.749260 560.733685
221 326.073142 218.566030
222 542.479335 497.299983
223 454.615711 1.954793
224 19.268327 675.131620
225 584.829884 778.969017
226 230.142046 822.268970
227 327.203533 182.994453
228 112.102635 243.450567
229 901.931314 159.451468
230 727.215825 575.055614
231 248.035827 461.063895
232 341.600276 979.080829
233 159.329872 674.829052
234 487.816277 96.494987
235 161.361757 968.707538
236 80.752647 573.477641
237 125.711985 879.840699
238 204.962412 998.463978
239 681.486381 631.143047
240 20.499225 643.580281
241 328.577041 659.405036
242 344.657965 490.969640
243 783.239422 265.581753
244 858.624772 642.671253
245 493.760034 556.731288
246 560.893270 362.130486
247 452.466013 139.106188
248 43.404954 676.081467
249 400.054499 343.190117
250 401.723885 677.457363
251 269.195768 114.011000
252 107.156800 413.148182
253 246.591670 83.851119
254 966.581872 514.839694
255 146.146098 759.513487
256 374.850226 536.831194
257 880.632209 202.593022
258 424.976588 301.643637
259 695.216490 58.740052
260 82.936720 422.394393
261 483.426966 300.692872
262 556.740514 570.328172
263 944.629618 589.894786
264 193.551797 986.558217
265 561.802582 732.800561
266 723.977068 198.985779
267 379.375753 310.516257
268 439.246965 898.529793
269 343.128615 194.204714
270 934.866061 453.213346
271 527.616583 323.729287
272 383.407865 594.316443
273 921.322259 823.296433
274 909.483564 395.720125
275 565.704774 255.397254
276 531.514790 785.729508
277 751.546812 573.137109
278 307.791963 480.078731
279 664.475521 121.081675
280 778.401497 405.484036
281 341.260285 856.036267
282 529.956762 395.025334
283 49.466339 811.715189
284 726.669033 179.801168
285 235.270495 715.046139
286 749.146435 475.715489
287 997.721249 576.894179
288 661.410509 269.919011
289 642.452423 26.278909
290 86.971153 248.341879
291 243.835790 134.697121
292 216.403050 673.918608
293 301.784864 485.952867
294 91.717137 924.519965
295 517.898893 286.935241
296 16.923502 330.270996
297 435.361752 386.073993
298 929.532605 911.848017
299 187.988127 168.741483
300 834.343795 114.511757
301 886.035091 432.658953
302 948.721691 657.047737
303 229.874213 511.404072
304 37.662261 170.449237
305 787.345455 110.405749
306 527.302326 388.091714
307 996.591472 547.351057
308 377.127426 267.312722
309 363.396247 347.718645
310 363.984860 571.723848
311 510.530093 436.191797
312 385.110199 124.246840
313 706.328088 485.993038
314 622.726937 152.779148
315 250.706703 340.722056
316 929.380850 893.558302
317 629.049559 807.066998
318 591.021708 891.709176
319 657.869385 531.798564
320 703.947187 244.121389
321 940.880667 122.745602
322 762.074851 366.719124
323 830.093383 150.989497
324 692.609769 736.348485
325 743.764892 180.304144
326 501.027195 456.923174
327 131.523857 509.907118
328 890.390774 430.131586
329 596.706519 887.876711
330 705.378916 372.924007
331 686.921826 55.128776
332 817.992780 917.161466
333 646.089361 613.636139
334 119.771775 551.222915
335 984.669541 377.612511
336 614.443301 219.030359
337 69.532937 62.671890
338 215.285298 978.866779
339 60.891646 895.513575
340 743.081876 242.524708
341 430.942535 485.471758
342 793.403559 764.738115
343 987.348263 89.308060
344 596.045527 733.514055
345 794.409399 221.913980
346 724.808568 23.894369
347 635.756315 418.129923
348 532.409113 920.842360
349 694.617370 834.675757
350 483.156482 391.362785
351 941.195380 296.227622
352 135.136558 291.628028
353 311.411855 335.964473
354 383.993145 731.797186
355 137.254122 758.446625
356 721.999561 189.378893
357 446.187927 261.478197
358 688.964821 861.402738
359 685.573868 693.644065
360 395.619732 176.328364
361 147.753302 595.501010
362 985.480838 348.535032
363 872.445271 774.941798
364 167.790501 351.399037
365 85.322907 801.040238
366 501.983923 709.379763
367 295.114558 465.723999
368 943.235060 65.199943
369 16.300725 458.911189
370 268.984821 565.119176
371 710.455363 730.285771
372 397.956762 723.463870
373 946.505797 269.675988
374 286.017259 576.991631
375 968.662711 328.038769
376 37.337755 620.330673
377 830.498079 422.342651
378 104.669665 225.650528
379 4.625035 820.180234
380 969.142634 992.883213
381 909.660876 583.730672
382 487.849643 751.228654
383 109.630777 667.731698
384 176.583040 738.341942
385 35.695687 12.409348
386 55.437794 820.514455
387 956.065778 49.853507
388 326.599575 485.324294
389 577.185932 551.115122
390 76.486738 737.646371
391 97.757439 281.341539
392 398.517204 960.575533
393 756.885869 501.554123
394 818.122050 264.731437
395 918.622264 958.212234
396 668.230497 842.576679
397 517.390752 635.496334
398 111.300815 368.794505
399 252.272850 210.282281
400 833.074909 543.436522
401 262.844711 846.067423
402 43.584626 461.464247
403 145.240596 689.649190
404 312.540258 610.473276
405 74.342269 193.144541
406 939.082736 947.802199
407 486.470292 173.979038
408 9.982815 688.892613
409 246.680226 346.762473
410 35.722112 150.681187
411 475.743062 913.507452
412 70.492233 236.967932
413 244.115651 682.436253
414 520.000192 927.119354
415 153.683777 100.660407
416 420.069341 435.129583
417 422.786669 532.306482
418 829.376973 542.975794
419 466.009014 91.200704
420 121.271384 980.368864
421 117.451892 346.013755
422 382.462318 622.414497
423 584.672233 255.806812
424 830.480730 707.363173
425 940.205168 765.208215
426 147.155118 238.542499
427 458.561994 590.989855
428 891.953335 227.728724
429 388.821441 865.600779
430 706.890256 461.628603
431 816.409728 468.255379
432 853.803353 28.806931
433 112.390501 70.461839
434 735.149768 931.308901
435 94.563204 150.415913
436 441.079893 723.390643
437 431.894207 489.474362
438 38.394355 269.185381
439 12.281985 953.960811
440 271.092359 391.796652
441 963.384227 686.846857
442 577.571606 398.223949
443 767.211111 186.389158
444 846.140680 207.690652
445 441.415761 132.593113
446 128.357230 85.357720
447 73.689221 237.412705
448 608.806371 789.070792
449 90.394083 840.884555
450 490.285176 273.702563
451 516.547399 452.934348
452 94.961105 965.816313
453 141.489855 949.381610
454 404.923454 20.790317
455 943.055097 670.708975
456 469.648608 905.207249
457 342.779517 243.450446
458 593.251424 109.226536
459 865.669097 546.592500
460 980.996546 786.821649
461 560.267079 879.171028
462 572.395142 646.178739
463 98.242090 50.285655
464 117.314211 468.216444
465 817.443505 809.043065
466 161.876683 218.101487
467 98.346983 759.478641
468 502.532780 832.798248
469 371.039911 664.296038
470 839.534079 417.104545
471 738.372988 831.302823
472 815.143805 761.290461
473 670.630772 97.709146
474 357.267738 805.370313
475 478.050255 779.995949
476 265.792701 918.202663
477 299.743813 840.848144
478 276.769914 634.026830
479 161.058646 439.686879
480 418.683273 794.708739
481 246.131994 979.624716
482 335.393225 882.882668
483 908.377461 741.206155
484 391.949255 699.340042
485 98.864836 202.084920
486 802.314662 437.429808
487 831.032047 181.828951
488 722.149835 637.899644
489 19.894479 22.332831
490 235.151213 469.520856
491 534.893617 116.856086
492 428.044562 274.004084
493 587.753284 234.495785
494 297.183426 338.126871
495 640.188577 251.939829
496 58.804456 411.658680
497 861.038972 100.637271
498 545.343136 576.581918
499 788.373634 965.060564
500 761.815440 691.273070
501 259.343664 26.523896
502 349.121512 782.720767
503 859.032628 337.060663
504 655.230236 440.522583
505 109.282825 729.152617
506 350.553915 478.315902
507 369.451967 19.641539
508 40.425051 871.462387
509 953.280924 149.944339
510 125.437568 254.220009
511 279.530218 319.730481
512 239.517368 65.299996
513 968.769244 617.510537
514 955.938324 767.620478
515 674.678576 129.123382
516 93.100886 436.233044
517 95.452933 13.898548
518 874.743088 407.811677
519 49.368217 578.309491
520 403.354144 615.758079
521 718.302918 948.222387
522 390.913567 696.891803
523 163.980972 543.384580
524 857.678869 948.856697
525 3.929207 191.584958
526 557.598227 741.790224
527 697.619449 384.958840
528 218.024288 43.465665
529 237.991883 877.197943
530 291.758231 304.031558
531 169.532742 547.965523
532 811.053878 64.636675
533 761.305840 219.605918
534 106.063827 303.642856
535 851.814370 901.276711
536 604.310507 714.792451
537 352.295645 756.920458
538 663.117399 823.610251
539 646.028157 946.032653
540 403.536415 91.485355
541 153.456788 369.970969
542 812.159534 931.290868
543 146.418804 271.590448
544 956.304274 864.064519
545 489.479466 582.278040
546 18.413999 883.186878
547 362.363042 887.998851
548 997.115482 460.658003
549 174.691261 894.756104
550 345.228405 529.487380
551 822.717911 313.905085
552 519.121988 206.876146
553 157.474959 159.051064
554 399.166418 984.784696
555 34.722024 548.800000
556 807.627890 607.642425
557 599.317547 243.419598
558 898.207698 881.371265
559 520.106584 308.508030
560 20.527189 213.557782
561 736.146989 495.056095
562 773.212424 771.523290
563 901.071848 152.827840
564 350.833599 763.205239
565 119.612828 752.773804
566 962.805754 495.177459
567 758.785885 384.230168
568 56.459172 542.800336
569 85.966756 913.945904
570 311.839288 579.406969
571 237.061127 846.519131
572 892.397422 154.594286
573 550.199613 309.613417
574 233.585306 986.103245
575 613.865858 2.362994
576 730.467791 135.435665
577 473.091074 391.665697
578 45.820130 774.269271
579 313.326112 918.600981
580 401.777037 116.897147
581 598.828005 485.999871
582 140.953004 493.331139
583 80.874632 38.232109
584 47.054526 468.373360
585 310.848050 615.565735
586 400.356539 373.873860
587 294.203046 867.992467
588 510.017050 614.556194
589 703.564527 647.201973
590 513.055147 632.207708
591 632.673585 960.427027
592 558.919797 468.693831
593 217.628896 266.170188
594 108.927528 455.171519
595 577.846379 819.362488
596 971.449554 673.039631
597 436.387089 532.292911
598 866.579686 481.578848
599 467.778942 607.687068
600 768.116516 587.897428
601 891.185981 21.601999
602 6.044539 846.713617
603 77.753576 786.343850
604 129.300770 220.668918
605 973.186175 807.403327
606 826.464462 106.281218
607 950.089586 63.443658
608 781.109917 536.310098
609 299.337291 784.664383
610 198.912939 606.221528
611 945.695921 282.403722
612 885.203968 840.602388
613 130.172328 91.630831
614 174.511737 114.789925
615 740.021014 128.018781
616 717.743643 177.645075
617 687.076906 632.578246
618 117.999591 783.312600
619 236.055711 779.370150
620 672.618682 932.975167
621 466.689921 955.605577
622 26.908923 752.022521
623 117.045693 888.479759
624 374.111989 83.720924
625 900.091897 989.376042
626 946.506682 967.382134
627 11.569691 513.614933
628 934.156152 787.195336
629 954.437024 392.712338
630 640.655579 27.299176
631 993.639549 886.150216
632 639.338530 249.335781
633 524.685442 520.951814
634 928.751964 120.641773
635 390.478672 139.892758
636 602.811019 64.396233
637 713.091708 262.968495
638 348.896695 377.459148
639 120.634773 381.777252
640 166.260941 467.297953
641 344.106096 252.767468
642 57.455038 196.314081
643 35.083476 732.836623
644 87.099192 190.045257
645 312.344485 209.558619
646 125.162149 365.133472
647 983.978848 218.355051
648 796.021953 863.612536
649 611.283522 410.215335
650 639.930019 41.983302
651 581.707078 636.109273
652 260.102156 156.708571
653 140.337034 548.025018
654 276.512517 912.173948
655 892.899806 781.604509
656 236.566894 92.824601
657 637.970158 481.637026
658 243.184403 88.102545
659 512.062975 659.211257
660 952.417314 236.972383
661 338.507170 628.114810
662 765.590982 568.238277
663 759.477820 558.109279
664 495.046969 693.518350
665 200.289490 3.998345
666 517.924208 321.657051
667 966.029926 121.944909
668 449.014754 106.520287
669 802.840063 168.282901
670 661.581753 314.531647
671 69.622925 791.107997
672 564.129280 103.972670
673 260.690267 571.220732
674 401.465323 44.983796
675 995.832757 246.534758
676 490.000113 877.366909
677 751.525726 62.851598
678 220.074337 402.704258
679 545.459091 733.942738
680 862.212829 837.972869
681 506.307165 565.168739
682 199.551176 919.747273
683 761.629659 397.404153
684 275.283787 541.247773
685 359.022680 161.826170
686 91.834481 728.905442
687 999.114492 1.163829
688 927.550826 320.778785
689 203.727597 109.293851
690 47.076552 796.071643
691 168.505444 668.608097
692 973.156424 323.165549
693 956.528045 523.366804
694 160.481084 242.993775
695 877.918021 517.290739
696 866.279252 885.248923
697 870.164839 744.934494
698 247.717781 826.829017
699 444.871278 318.922350
700 232.770576 445.092259
701 298.853583 638.916765
702 509.069506 892.903552
703 1.002150 563.229344
704 54.351660 428.121096
705 261.037361 330.272404
706 992.469087 367.084100
707 162.270638 554.588811
708 200.528578 799.828126
709 397.708354 130.986841
710 15.581011 604.167510
711 987.311861 420.345497
712 593.380315 226.449073
713 173.954419 661.945101
714 957.085204 158.694865
715 196.591369 159.717158
716 540.376884 35.016306
717 421.387268 423.596046
718 77.318501 794.595768
719 875.019953 112.194638
720 20.383371 414.195738
721 569.107907 319.314745
722 278.430298 300.069839
723 130.684151 474.342638
724 958.006321 547.314135
725 160.866211 885.368453
726 964.208630 924.111014
727 432.348647 743.907844
728 771.438569 618.982215
729 506.070437 231.393145
730 409.733010 501.081288
731 598.387135 220.140247
732 728.958970 886.720459
733 562.303159 945.286429
734 301.009941 579.740004
735 659.797284 939.234119
736 899.243018 258.993475
737 396.999719 466.423138
738 354.747912 123.134895
739 69.956880 673.795008
740 730.640942 71.059312
741 825.945686 681.100088
742 178.427464 595.761237
743 983.776434 875.238727
744 544.579176 0.040055
745 76.249143 744.115983
746 780.823141 504.395437
747 578.905505 688.028713
748 478.241678 310.619771
749 571.444662 380.392883
750 393.133340 709.008915
751 641.648092 414.658105
752 661.687272 872.776143
753 186.384578 170.545334
754 510.874191 70.169050
755 890.244038 60.282650
756 664.559312 642.952145
757 569.574291 574.303608
758 316.693948 249.333128
759 758.172263 835.910731
760 497.543824 550.073785
761 380.607541 695.697143
762 894.264092 728.441475
763 610.132188 749.056800
764 703.732439 977.820348
765 540.358210 43.904485
766 893.403129 365.216352
767 613.359781 660.764402
768 325.046437 284.553390
769 841.584496 793.676060
770 556.589824 50.572578
771 736.934145 437.905146
772 778.877995 52.310526
773 517.602111 299.235738
774 267.021621 284.546153
775 601.731265 79.659707
776 930.104929 6.270547
777 616.682471 865.567958
778 28.374865 737.147331
779 153.680774 947.087325
780 893.635426 796.095942
781 279.832325 30.996093
782 536.422858 110.544094
783 382.982424 474.689808
784 352.638551 80.559050
785 269.610883 864.958700
786 752.668136 868.982693
787 561.938060 992.876478
788 427.617209 606.858207
789 347.640887 34.889770
790 140.145031 652.850968
791 724.055650 540.236315
792 381.479621 226.030088
793 348.469662 646.109180
794 971.549093 443.291131
795 357.081690 794.523314
796 695.765493 35.864515
797 47.436706 108.629706
798 369.849218 793.768232
799 532.617739 501.261679
800 303.183336 92.727834
801 170.203594 534.786721
802 991.539084 695.000111
803 944.978044 28.876594
804 11.615022 383.701431
805 141.603024 421.596945
806 512.683967 889.655781
807 581.943926 929.257530
808 404.743815 0.441217
809 421.462820 621.752482
810 327.919080 703.227880
811 0.071343 632.659555
812 754.462345 706.164718
813 525.061227 857.156267
814 122.556040 707.485836
815 427.208171 655.849545
816 730.216404 337.171855
817 75.869897 278.905347
818 227.953366 782.915679
819 164.876961 952.402988
820 940.441254 730.305515
821 488.240693 827.628177
822 920.307387 396.553157
823 13.179756 284.058307
824 591.246296 117.758465
825 127.692651 398.081996
826 73.019865 161.615921
827 690.881183 742.034167
828 797.504533 180.632649
829 46.455118 61.917036
830 822.798457 995.341484
831 473.325953 797.216641
832 331.503256 202.657182
833 641.923687 852.513095
834 159.646404 441.436874
835 520.847107 508.122276
836 844.311747 15.471327
837 835.684895 865.795506
838 600.897609 973.546356
839 620.321174 765.543063
840 845.022755 676.878568
841 620.765916 680.935975
842 359.453334 346.143502
843 312.526735 702.780056
844 973.023590 73.478126
845 74.765878 354.845215
846 666.376912 309.253882
847 627.962197 650.371487
848 348.453299 889.080405
849 186.524450 494.363279
850 158.002471 253.414427
851 903.779468 264.221680
852 36.002226 630.311960
853 93.984432 160.053723
854 487.714191 601.276062
855 404.489628 706.037282
856 907.209907 650.817089
857 580.904575 605.508218
858 572.552175 12.255420
859 719.096685 4.976718
860 436.418000 365.461568
861 930.078491 106.067597
862 134.801210 716.642277
863 157.315869 979.419395
864 215.534018 95.945173
865 480.716290 380.865639
866 448.718749 545.568838
867 617.532703 347.760683
868 222.762441 239.229161
869 487.645144 362.101922
870 452.558231 473.246879
871 649.158962 907.139029
872 130.459477 700.184995
873 129.984742 315.449769
874 636.044066 737.879510
875 682.041922 909.001518
876 187.267356 779.870313
877 766.954346 565.505949
878 363.454648 857.653229
879 645.582991 10.414114
880 459.684912 960.838831
881 788.467153 330.187875
882 542.469390 108.216893
883 450.222198 430.022540
884 468.230294 280.890026
885 658.168817 417.985024
886 798.936183 278.053862
887 53.944544 187.570564
888 503.352279 236.665092
889 996.575833 791.970414
890 567.715610 768.153250
891 86.464613 555.881489
892 156.246292 408.495263
893 801.970389 254.478742
894 759.757960 352.386968
895 253.745572 104.209329
896 849.731644 247.908908
897 156.707680 756.357230
898 915.569523 164.998375
899 995.509181 961.865889
900 404.345788 719.203482
901 16.592317 84.695398
902 5.224131 731.609120
903 118.392344 181.029922
904 924.812318 736.488782
905 930.979593 932.940201
906 285.076503 110.150302
907 377.407251 327.644707
908 542.038739 587.607523
909 791.258171 607.302626
910 871.333495 458.124138
911 228.360764 679.310231
912 795.800118 786.339714
913 955.370431 873.361994
914 940.639395 592.602478
915 223.889706 659.076216
916 693.265168 44.296858
917 346.026643 696.774365
918 717.831688 359.368390
919 775.767918 384.042385
920 728.520872 303.912436
921 370.269116 881.991112
922 661.023577 877.607062
923 256.141758 457.672024
924 398.251775 23.934831
925 758.042895 862.894009
926 504.169248 976.552211
927 660.349847 384.725122
928 998.730411 158.828893
929 667.428890 149.253165
930 67.268404 390.494444
931 303.983777 237.717517
932 739.274948 523.492456
933 654.195961 182.913824
934 994.366204 528.557582
935 276.845572 453.812134
936 457.330439 484.694087
937 353.328013 607.618488
938 829.504799 885.649229
939 626.458494 891.048466
940 470.329859 170.638206
941 970.182482 206.370630
942 90.782837 410.992125
943 493.787354 522.816917
944 349.491008 640.064003
945 928.936499 10.245914
946 252.679139 400.642132
947 673.824398 399.483841
948 650.705984 702.284165
949 275.976713 332.557732
950 796.796673 730.399318
951 323.697308 756.073736
952 887.678947 329.569948
953 685.889349 732.282749
954 741.183380 495.518417
955 790.955377 394.914938
956 282.468776 853.288484
957 167.706662 160.653108
958 308.385712 373.624871
959 784.690083 722.154791
960 78.592759 385.199027
961 819.065780 794.821217
962 642.391454 277.242506
963 362.146627 67.050784
964 451.847558 155.313937
965 225.936645 312.503758
966 734.617946 112.339532
967 453.482006 162.943794
968 304.003677 707.730943
969 355.574848 611.510831
970 969.101856 709.298676
971 897.326846 918.819681
972 474.529776 145.842890
973 40.355961 228.066516
974 947.047091 242.717968
975 209.806252 860.365623
976 155.502951 868.331007
977 400.147345 957.827346
978 500.886571 706.448280
979 559.676624 869.427131
980 544.861379 487.348374
981 800.873887 433.504795
982 58.014648 260.274013
983 672.234443 100.772410
984 23.155437 870.299342
985 196.933812 662.997777
986 764.346131 514.643004
987 634.653077 205.069909
988 388.953598 496.621566
989 955.120847 781.941933
990 27.858098 69.852109
991 825.404413 236.985671
992 938.059413 570.976548
993 507.708969 524.581577
994 392.271074 876.094475
995 440.420786 877.306425
996 421.695752 584.255346
997 432.355991 166.870518
998 901.025427 230.774998
999 338.654255 847.994854
1908
0 302
0 513
0 596
1 221
1 457
1 758
1 931
2 225
2 595
2 890
3 258
3 267
3 308
4 191
4 593
4 694
4 850
4 868
5 262
5 389
5 633
6 387
6 687
6 844
7 66
7 363
7 655
8 751
8 885
8 927
8 947
9 171
9 497
9 719
9 861
10 282
10 311
10 350
10 883
11 426
11 510
11 543
11 604
11 850
12 359
12 756
12 948
13 279
13 314
13 458
13 775
13 983
14 259
14 740
14 966
14 983
15 330
15 527
16 37
16 353
16 530
16 768
17 578
17 622
17 643
17 745
18 30
18 629
19 107
19 432
19 532
19 836
20 169
20 478
20 610
20 673
20 915
21 97
21 138
21 975
21 976
22 35
22 361
22 742
23 77
23 285
23 384
23 619
24 115
24 407
24 552
25 304
25 410
25 826
26 286
26 431
26 486
26 746
26 771
27 308
27 492
27 792
28 137
28 395
28 406
28 626
29 140
29 175
29 319
29 333
29 389
30 335
30 688
31 81
31 179
31 249
31 586
32 327
32 582
32 723
33 37
33 308
33 641
33 768
34 162
34 227
34 251
34 652
34 906
35 653
35 707
36 216
36 581
36 592
37 267
37 842
37 907
38 92
38 129
38 151
38 381
39 110
39 466
39 753
39 868
40 349
40 358
40 471
40 732
40 786
41 726
41 743
41 913
42 535
42 558
42 696
42 971
43 266
43 443
43 533
44 242
44 550
44 988
45 266
45 320
45 340
45 933
46 305
46 532
46 677
46 772
46 966
47 784
47 963
48 859
49 316
49 558
49 913
50 162
50 784
50 800
51 59
51 150
51 475
51 831
52 191
52 352
52 364
52 873
53 797
53 829
53 901
53 990
54 438
54 560
54 823
54 973
55 241
55 413
55 701
55 843
56 539
56 591
57 331
57 473
57 650
58 430
58 527
58 771
58 947
59 146
59 276
59 468
60 288
60 495
60 846
60 962
61 67
61 747
61 841
62 237
62 453
62 725
62 779
62 976
63 432
63 601
63 755
64 156
64 268
64 880
65 284
65 325
65 576
66 680
66 769
66 780
67 344
67 536
68 147
68 891
69 467
69 603
69 745
70 186
70 374
70 734
71 530
71 722
71 758
71 768
71 774
72 288
72 320
72 637
72 846
73 141
73 255
73 618
73 876
74 521
74 620
74 764
75 500
75 812
75 959
76 124
76 214
76 598
76 910
77 384
77 818
77 876
78 699
78 748
78 860
78 869
79 326
79 416
79 870
79 883
80 321
80 509
80 634
80 898
81 249
81 297
81 860
82 393
82 746
82 986
83 429
83 878
83 921
84 104
84 302
84 513
84 914
85 257
85 428
85 444
85 896
86 423
86 557
86 721
86 867
86 962
87 343
87 667
88 176
88 328
88 629
88 822
89 273
89 544
89 913
90 167
90 193
90 688
90 736
90 851
90 896
91 160
91 553
91 753
91 903
92 129
92 400
92 459
93 95
93 130
93 507
93 963
94 499
94 524
94 542
94 830
95 130
95 540
95 624
96 111
96 395
96 626
97 549
97 725
97 975
97 976
98 248
98 408
98 643
98 902
99 796
99 859
99 879
100 115
100 139
100 552
100 731
101 479
101 678
101 700
101 892
102 383
102 739
102 852
103 176
103 629
103 711
103 794
104 116
104 151
104 856
105 426
105 466
105 694
106 352
106 391
106 510
106 534
106 543
107 432
107 497
107 532
108 505
108 565
108 862
109 688
109 766
109 952
110 399
110 774
111 625
112 410
112 797
112 826
113 434
113 499
113 542
114 217
114 477
114 609
114 619
114 698
115 170
115 491
115 552
116 144
116 381
117 198
117 392
117 554
118 733
118 787
118 926
119 136
119 898
119 941
119 998
120 199
120 358
120 875
120 922
121 348
121 461
121 806
121 813
121 979
122 152
122 346
122 740
122 796
123 140
123 239
123 333
123 756
124 270
124 566
124 693
124 695
125 204
125 209
125 317
125 538
125 833
126 624
126 738
126 784
127 165
127 419
127 540
127 668
127 674
128 137
128 631
128 726
129 151
129 244
129 556
130 674
131 529
131 571
131 975
132 436
132 727
132 900
133 185
133 246
133 282
133 749
134 223
134 454
134 808
135 298
135 316
135 558
135 971
136 714
136 928
137 406
137 626
137 726
137 899
138 141
138 708
138 975
139 183
139 314
139 336
139 731
139 824
139 987
140 230
140 239
140 319
140 791
141 213
141 708
142 154
142 370
142 374
142 684
143 339
143 439
143 546
144 914
144 992
145 268
145 994
145 995
146 276
146 595
146 777
146 813
146 979
147 236
147 519
147 568
148 482
148 579
148 587
148 654
149 210
149 781
150 276
150 382
150 679
151 244
151 856
152 346
152 677
152 740
153 202
153 517
153 665
154 174
154 293
154 388
155 166
155 245
155 427
155 545
155 866
156 547
156 977
157 285
157 619
157 951
157 968
158 189
158 488
158 500
158 728
159 435
159 553
159 613
160 466
160 604
161 243
161 816
161 881
161 894
161 920
162 227
162 738
162 906
163 594
163 723
163 805
163 834
164 360
164 635
164 997
165 223
165 716
165 744
165 754
166 245
166 545
166 681
167 394
167 551
167 886
167 896
168 260
168 402
168 516
168 584
168 704
169 413
169 478
169 911
169 915
170 234
170 491
170 972
171 219
171 755
172 330
172 670
172 918
173 190
173 206
173 481
174 310
174 550
174 570
175 333
175 651
175 847
175 857
176 270
176 629
176 794
177 303
177 370
177 610
177 673
177 684
177 801
178 410
178 525
178 901
179 309
179 638
180 184
180 386
180 449
180 508
181 201
181 256
181 272
181 520
181 996
182 191
182 364
182 593
182 965
183 314
183 933
183 987
184 283
184 379
184 386
184 602
184 984
185 246
185 271
185 306
185 869
186 404
186 478
187 341
187 416
187 737
187 870
188 208
188 732
188 786
189 500
189 728
189 741
190 206
190 232
191 352
191 543
192 342
192 472
192 950
193 503
193 551
193 952
194 282
194 442
194 451
194 592
194 649
195 300
195 305
195 323
196 269
196 360
196 457
196 792
197 582
197 640
197 723
198 211
198 547
199 208
199 732
200 421
200 534
200 845
200 873
201 256
201 417
201 730
202 415
202 446
202 528
202 665
202 689
202 864
203 496
203 720
203 804
203 930
204 209
204 317
204 827
204 839
204 874
204 953
205 591
205 838
206 232
206 476
206 579
206 654
207 234
207 754
207 765
207 782
208 434
208 875
209 349
209 538
209 562
209 827
210 789
211 232
211 579
212 313
212 319
212 389
212 657
213 237
213 449
214 270
214 328
215 357
215 407
215 552
215 729
215 940
216 389
216 980
217 226
217 708
217 818
218 630
218 636
218 650
219 368
219 755
219 803
219 945
220 236
220 334
220 891
221 645
221 832
222 389
222 799
222 980
224 240
224 248
224 408
225 448
225 763
225 890
226 571
226 698
226 708
227 269
227 685
227 832
228 290
228 378
228 391
228 510
228 604
229 257
229 563
229 572
229 898
230 277
230 488
230 617
230 791
231 490
231 700
231 923
233 403
233 691
233 790
234 419
234 754
234 782
235 264
235 819
235 863
236 519
237 623
238 264
238 338
239 617
239 756
240 811
240 852
241 701
241 793
241 917
242 388
242 506
243 340
243 533
243 886
243 893
244 556
244 840
244 856
245 681
245 760
246 271
246 721
246 749
246 867
247 445
247 964
247 972
248 739
249 258
249 699
249 907
250 469
250 522
250 815
251 291
251 895
251 906
252 516
252 805
252 825
252 942
253 512
253 658
254 566
254 693
254 934
255 355
255 897
256 310
256 550
256 988
257 428
258 492
258 699
258 884
259 331
259 740
259 916
260 496
260 516
260 704
260 942
261 450
261 748
261 773
261 884
262 498
262 757
263 287
263 513
263 914
264 338
264 863
265 344
265 526
265 679
265 747
266 356
267 907
268 456
269 685
269 832
270 566
271 573
271 666
272 310
272 422
272 520
272 937
272 969
273 544
273 605
273 612
273 628
273 780
274 328
274 518
274 766
274 822
275 295
275 423
275 552
275 573
275 729
276 890
277 600
277 662
277 663
278 293
278 367
278 388
279 515
279 983
280 683
280 919
280 955
280 981
281 482
281 587
281 878
281 999
282 306
283 386
283 690
284 325
284 356
284 616
285 413
285 911
286 393
286 430
286 771
286 954
287 307
287 513
289 630
289 796
289 879
290 378
290 391
290 447
290 817
290 982
291 652
291 689
291 715
291 895
292 384
292 911
292 915
292 985
293 303
293 684
294 452
294 453
294 569
295 450
295 773
296 804
296 823
296 845
297 577
297 717
297 860
297 883
298 316
298 726
298 905
299 715
299 753
300 497
300 606
301 328
301 518
301 910
302 455
302 856
303 490
303 849
304 525
304 560
304 887
305 606
305 615
305 669
305 966
306 350
306 869
307 724
307 934
309 842
309 907
310 550
310 570
310 937
311 326
311 451
312 580
312 624
312 635
312 709
312 738
313 430
313 561
314 824
314 929
315 409
315 705
315 965
316 558
317 448
318 329
318 461
318 807
319 389
320 340
320 637
321 509
321 634
321 667
322 567
322 894
322 918
322 919
323 487
323 572
323 669
324 371
324 827
324 953
325 443
326 451
326 835
326 870
326 936
327 334
327 582
327 653
327 801
328 518
329 777
329 939
331 916
332 524
332 535
332 542
332 938
333 847
334 653
335 706
335 711
336 632
336 731
336 987
337 463
337 583
337 829
338 574
338 682
339 508
339 569
340 533
340 637
341 437
341 737
341 870
342 472
342 562
342 912
343 844
344 763
344 890
345 533
345 828
345 893
345 991
346 859
347 504
347 649
347 751
348 414
348 702
348 733
349 358
349 396
349 471
349 538
350 577
350 865
351 375
351 611
351 688
351 692
352 534
352 543
352 873
353 494
353 842
353 958
354 372
354 480
354 537
355 565
355 618
356 616
357 492
357 884
358 396
358 752
359 371
359 589
359 953
360 685
361 742
361 790
362 375
362 706
363 697
364 409
364 541
364 678
364 965
365 449
365 618
365 718
366 382
366 679
366 978
367 935
368 607
368 861
369 402
369 627
369 720
370 374
370 673
370 684
371 562
371 812
372 750
372 900
373 611
373 675
373 851
373 974
374 734
375 688
375 692
376 519
376 710
376 852
377 470
377 955
377 981
378 447
378 485
378 604
379 602
380 626
380 899
381 992
382 436
382 475
382 727
383 403
383 790
383 872
384 862
384 876
384 897
385 489
385 583
385 829
386 449
387 607
387 687
387 803
387 844
389 581
389 757
390 686
390 745
391 510
391 534
391 817
392 977
393 932
393 954
394 886
394 893
394 896
394 991
395 406
395 524
395 905
395 971
396 538
396 752
396 833
397 462
397 590
397 659
398 421
398 639
398 646
398 845
398 960
399 645
399 652
399 715
399 931
400 418
400 459
401 571
401 698
401 785
401 956
402 584
402 704
403 872
404 570
404 585
405 412
405 642
405 644
405 826
406 726
406 905
407 940
409 440
409 678
409 946
411 414
411 456
411 621
411 702
412 447
412 642
412 973
412 982
413 911
413 968
414 621
414 702
414 926
415 613
415 614
416 717
417 597
417 996
418 431
418 556
418 608
419 668
420 452
420 453
420 863
421 646
421 845
421 873
422 469
422 520
422 944
422 969
423 493
423 557
423 721
424 697
424 741
424 950
425 514
425 628
425 820
425 904
426 604
426 694
427 545
427 599
427 788
427 866
427 996
428 998
429 480
429 921
429 994
430 504
430 771
431 486
431 598
431 746
431 910
432 601
432 836
433 446
433 463
434 521
435 853
436 664
436 727
436 978
437 597
437 730
437 936
438 823
438 973
438 982
439 452
440 946
440 949
440 958
441 455
441 596
441 802
441 970
442 649
442 749
443 828
444 487
444 896
444 991
445 580
445 668
445 709
446 613
448 595
448 839
450 884
450 888
451 592
451 980
453 623
453 779
454 924
455 596
455 856
456 676
457 641
457 758
457 792
458 672
458 775
458 824
459 695
460 605
460 889
460 989
461 979
462 651
462 747
463 583
464 594
464 723
465 648
465 680
465 759
465 837
465 961
466 753
467 505
467 565
467 618
467 686
467 745
468 676
468 813
468 821
469 761
469 793
469 917
470 518
470 910
471 759
472 697
472 961
473 775
473 983
474 795
474 878
474 999
475 727
475 831
476 529
476 654
476 682
477 587
477 609
477 956
477 999
478 701
479 834
479 892
480 727
480 798
480 831
480 995
481 574
482 848
483 655
483 762
483 904
484 522
484 750
484 855
485 644
485 903
486 981
487 572
487 669
487 828
488 589
489 829
489 990
490 700
490 849
491 782
493 557
493 712
494 511
494 949
494 958
495 632
495 962
496 704
496 720
496 930
497 719
498 681
498 908
499 542
501 512
501 528
501 781
502 564
502 609
502 795
503 551
503 955
504 657
504 885
505 686
505 814
505 862
506 638
506 783
507 789
507 924
508 984
509 667
509 714
511 530
511 722
511 949
512 528
514 989
515 576
515 929
516 594
517 583
518 766
519 555
519 568
519 710
520 809
521 620
521 764
521 875
522 761
523 531
523 653
523 707
523 801
524 535
524 542
524 625
524 971
525 560
526 679
526 890
528 665
529 682
529 785
530 722
531 707
532 606
532 772
534 873
535 938
536 841
536 874
536 948
537 564
537 810
537 917
537 951
539 735
540 580
540 624
540 668
541 646
541 678
541 825
541 892
543 850
544 605
544 743
545 854
546 984
547 848
547 921
547 977
548 566
548 711
548 794
549 682
549 725
549 779
551 881
551 886
552 729
553 614
553 903
553 957
555 568
555 627
555 703
556 741
556 909
557 632
558 612
558 696
558 971
559 573
559 666
559 773
560 642
560 973
561 954
562 759
562 912
563 572
564 951
565 618
566 794
567 683
567 918
567 919
568 584
569 623
570 734
570 937
571 698
572 719
573 721
575 630
575 858
575 879
576 615
577 865
577 883
578 622
578 671
578 690
579 654
580 668
580 709
581 649
581 657
582 849
584 627
585 661
585 701
586 717
587 785
587 956
588 590
588 854
588 908
589 617
591 838
592 980
593 774
593 868
593 965
595 777
596 802
597 866
598 695
599 854
600 662
600 728
600 909
601 945
602 984
603 618
603 671
603 718
604 903
605 989
607 844
608 663
608 746
608 877
608 986
609 951
610 673
610 713
610 742
610 915
610 985
612 680
612 696
612 780
614 689
614 715
614 957
615 669
615 966
616 929
616 933
619 818
620 735
620 871
620 875
621 880
621 926
622 778
624 738
624 963
625 830
627 703
628 655
628 780
628 989
629 822
631 743
632 987
633 835
633 993
634 719
634 861
635 685
635 709
636 770
636 775
636 858
637 920
638 842
638 958
639 646
639 825
640 834
640 849
641 758
642 887
642 973
643 778
644 826
644 853
644 903
645 652
645 832
645 931
647 660
647 675
647 941
648 837
648 925
648 938
649 867
651 767
651 857
654 785
655 780
656 658
656 864
656 895
658 895
659 664
659 747
659 815
660 675
660 941
660 974
661 944
661 969
662 877
663 791
663 877
663 932
664 815
664 978
666 748
666 869
667 928
669 828
670 846
670 867
670 918
670 927
671 690
671 718
672 770
672 824
672 882
674 924
676 702
676 813
676 995
677 740
677 772
678 946
680 696
680 769
680 837
681 908
682 819
682 975
683 771
683 919
685 738
686 739
687 803
689 715
689 864
691 713
693 724
694 850
696 837
697 762
699 748
699 860
699 884
700 946
702 806
703 710
704 720
705 949
705 965
708 876
710 811
712 731
713 985
716 744
716 765
716 858
717 883
719 861
720 804
721 867
722 774
724 934
724 992
725 976
726 905
728 909
729 888
730 737
730 988
733 807
733 838
735 871
736 851
736 896
736 998
737 783
740 966
741 840
744 858
747 767
747 841
749 867
750 855
750 900
751 885
752 833
752 922
753 957
754 765
756 847
756 948
757 857
758 768
758 931
759 912
759 925
760 943
760 993
761 917
762 840
762 856
763 839
763 874
765 770
767 841
767 847
769 961
770 858
774 965
776 945
777 833
777 939
778 902
779 819
781 800
782 882
783 988
785 956
786 925
787 838
788 809
788 996
789 963
791 932
793 944
795 798
796 916
799 835
800 906
801 849
802 970
803 945
805 825
805 892
806 813
807 838
809 815
810 843
810 917
814 862
814 872
816 846
816 894
816 918
816 920
817 982
820 904
820 970
821 831
821 995
825 892
826 853
826 887
829 990
835 993
837 938
839 874
841 948
843 968
845 960
846 918
846 920
851 974
853 903
855 900
857 908
860 865
862 872
862 897
865 869
866 943
866 996
867 927
870 936
871 875
871 922
871 939
874 948
874 953
875 922
876 897
881 886
881 894
885 947
886 893
893 991
896 991
901 990
905 971
911 915
912 961
915 985
919 955
921 994
922 939
923 935
929 933
930 960
932 954
932 986
935 946
936 943
937 969
940 967
940 972
942 960
943 993
948 953
950 959
964 967
964 972
964 997
967 997
973 982
974 998
