80
4
0 731.583009 497.245281
1 924.578265 50.359098
2 722.211265 620.257287
3 905.077370 218.834313
4 618.262968 759.944673
5 692.445321 734.096643
6 755.766621 889.930994
7 770.981058 361.878753
8 483.512648 969.010007
9 437.574466 491.174868
10 319.737576 192.012130
11 548.276803 431.799331
12 133.864179 14.605227
13 799.951894 702.570048
14 342.341555 754.794709
15 915.447157 199.306740
16 811.731121 4.551754
17 820.449331 203.124134
18 147.535789 46.912882
19 401.167190 292.038765
20 313.871023 967.057716
21 714.209176 352.697366
22 76.928448 170.286246
23 583.501406 54.073511
24 594.283914 575.480797
25 363.817139 341.268826
26 582.453642 839.551879
27 276.466183 735.093592
28 886.703314 586.531203
29 129.918659 481.890847
30 949.967271 764.389570
31 426.614353 888.107397
32 631.835571 933.320597
33 826.935593 495.403636
34 63.919155 501.146314
35 692.297887 104.633773
36 744.504101 664.663685
37 961.539107 40.816587
38 873.258274 90.166303
39 928.265115 466.256332
40 5.854586 172.038321
41 581.535223 995.262132
42 468.727104 45.232895
43 48.248721 341.453592
44 615.777541 395.610705
45 332.819152 237.428847
46 931.701403 511.528482
47 988.200473 406.611353
48 190.704395 950.731633
49 572.054871 938.379481
50 364.731612 658.518740
51 742.829583 20.123295
52 741.933234 366.310272
53 632.735870 613.660841
54 763.942177 624.167463
55 698.100118 328.486363
56 419.640775 876.471631
57 592.283624 440.611125
58 643.445030 576.888239
59 732.344340 733.296941
60 57.736487 456.903956
61 137.839824 594.771534
62 571.923569 711.639123
63 808.648127 598.054097
64 804.715336 47.302232
65 378.408859 609.307899
66 31.543066 246.566627
67 31.164342 323.676481
68 375.665202 151.314321
69 701.006336 11.348944
70 259.344333 736.605378
71 388.010895 171.638398
72 710.585403 255.395600
73 18.470612 739.147284
74 981.276166 270.439418
75 653.409455 463.632190
76 74.172589 757.978613
77 6.592820 93.969442
78 199.023502 367.231808
79 171.721064 36.662562
142
0 2
0 33
0 52
0 58
0 63
0 75
1 16
1 37
1 38
2 36
2 53
2 54
2 58
3 15
3 17
3 74
4 5
4 26
4 62
5 53
5 59
6 30
6 32
6 59
7 17
7 33
7 52
8 31
8 41
8 49
9 11
9 24
9 25
9 65
10 22
10 45
10 68
10 71
10 79
11 19
11 25
11 57
12 18
12 77
12 79
13 30
13 36
13 59
14 27
14 50
14 56
14 62
15 38
16 51
16 64
17 35
17 38
17 72
18 22
18 77
18 79
19 25
19 45
19 71
20 31
20 48
21 44
21 52
21 55
21 75
22 40
22 66
22 77
23 35
23 42
23 69
24 53
24 57
24 58
24 65
25 78
26 31
26 32
26 49
27 50
27 70
28 30
28 33
28 46
28 63
29 34
29 60
29 61
29 78
31 56
32 41
32 49
33 39
33 46
33 63
34 60
34 61
35 51
35 69
35 72
36 54
36 59
38 64
39 46
39 47
40 66
40 77
41 49
42 68
43 60
43 67
43 78
44 55
44 57
44 75
45 78
47 74
48 70
48 76
50 62
50 65
51 64
51 69
53 58
53 62
54 63
55 72
57 75
58 75
61 65
61 70
61 76
62 65
66 67
68 71
70 76
73 76
