80
5
0 8.926819 587.794405
1 283.761377 111.359823
2 550.121602 325.615952
3 820.703999 464.975529
4 51.884884 661.092468
5 298.198776 883.821051
6 233.903634 761.884242
7 443.152576 834.088011
8 958.848379 133.820426
9 349.108543 248.744281
10 38.516185 679.694596
11 353.705613 644.115119
12 109.676896 516.827359
13 30.533737 102.057919
14 317.690033 503.621828
15 647.222727 763.757774
16 468.811620 824.752176
17 880.077664 21.209025
18 516.211670 915.288757
19 795.302076 163.737814
20 730.074644 465.978163
21 107.824664 839.459354
22 668.756846 245.060287
23 510.974031 325.352897
24 115.826040 996.418129
25 433.720536 264.675992
26 476.910352 729.521192
27 926.932408 226.729457
28 740.635182 303.536229
29 506.068739 171.522813
30 999.527915 326.143813
31 684.959535 660.679373
32 699.622474 37.013217
33 623.798439 445.959186
34 241.596737 26.551929
35 784.201479 888.067042
36 291.627708 352.460513
37 735.160826 510.951885
38 176.750840 859.787085
39 285.949551 880.592906
40 37.361389 284.590326
41 935.509960 912.306840
42 988.597340 26.983662
43 222.584425 656.899838
44 402.695070 316.247254
45 936.824270 593.526605
46 566.010060 858.858822
47 308.339131 465.908328
48 387.247322 959.708063
49 231.625051 738.599989
50 537.546728 537.423627
51 299.537156 821.287097
52 388.421183 416.655806
53 923.948196 311.630150
54 380.145878 773.321719
55 101.961832 640.965200
56 1.049624 633.234533
57 450.025327 672.207156
58 387.259866 880.201557
59 973.013333 995.591788
60 662.805118 316.590706
61 661.330777 895.431625
62 531.580043 937.528637
63 416.309597 219.849885
64 305.529572 729.307758
65 992.650475 675.495330
66 507.510637 983.243950
67 616.387297 390.530609
68 422.641090 328.139999
69 687.829001 941.725251
70 488.547299 427.674867
71 511.159106 425.273578
72 212.773444 563.452002
73 305.851193 565.997242
74 384.716731 130.104635
75 849.783600 305.880369
76 709.804902 405.769828
77 979.914490 790.425607
78 635.233519 829.406912
79 833.604098 180.106802
150
0 12
0 56
1 9
1 34
1 40
1 74
2 23
2 60
2 67
2 71
3 20
3 37
3 45
3 75
4 10
4 55
4 56
5 39
5 48
5 58
6 38
6 49
6 51
7 16
7 54
7 58
8 17
8 27
8 42
8 79
9 25
9 36
9 44
9 63
10 21
10 56
11 43
11 57
11 64
11 73
12 40
12 55
12 72
13 34
13 40
14 47
14 73
15 26
15 31
15 78
16 18
16 26
16 46
17 19
17 32
17 42
17 79
18 46
18 48
18 62
19 22
19 28
19 32
19 79
20 33
20 37
20 76
21 24
21 38
22 28
22 29
22 32
22 60
23 25
23 68
23 71
24 38
25 44
25 63
25 68
26 54
26 57
27 53
27 75
27 79
28 60
28 75
28 76
28 79
29 32
29 63
29 74
30 45
30 53
31 37
31 45
31 50
31 77
33 50
33 67
33 71
33 76
35 41
35 69
36 40
36 44
36 47
36 52
38 39
39 51
41 59
41 77
43 49
43 55
43 64
43 72
43 73
44 68
45 65
46 61
46 78
47 52
48 58
48 66
49 64
50 57
50 71
51 54
51 58
51 64
52 68
52 70
53 75
54 57
54 58
54 64
55 72
60 67
60 76
61 69
61 78
62 66
63 74
65 77
67 71
67 76
68 70
70 71
72 73
75 79
