80
6
0 907.520730 512.050980
1 860.442487 652.363444
2 628.547156 47.041661
3 700.390916 551.980737
4 41.917185 944.006140
5 651.650689 362.668582
6 153.396183 795.782476
7 808.495551 281.587734
8 673.938798 905.601626
9 452.514040 674.594236
10 221.443385 649.960570
11 296.940285 904.986727
12 119.812555 662.655691
13 123.227972 490.875669
14 975.282266 439.128182
15 548.912017 143.939113
16 148.457888 0.311963
17 369.903485 672.994524
18 960.222939 326.463991
19 905.715281 697.728984
20 970.661692 373.995623
21 42.717191 611.095477
22 952.364813 622.113194
23 218.370975 253.295973
24 242.962447 261.114163
25 418.497470 315.936672
26 6.456549 330.475562
27 369.978983 581.854841
28 558.900396 342.409065
29 502.902746 724.280126
30 321.200177 185.347368
31 929.001273 538.408222
32 150.289550 391.864622
33 637.348589 159.128154
34 769.655194 176.823525
35 343.621746 30.558491
36 771.167794 4.080021
37 945.839182 136.212493
38 192.398914 823.866300
39 337.338825 273.025403
40 987.081776 538.011239
41 406.860287 958.141920
42 801.099567 696.446888
43 415.947460 894.275428
44 342.362174 905.988675
45 585.489071 787.614883
46 290.158189 941.165690
47 646.066210 711.669237
48 128.046225 86.916924
49 310.877829 141.103345
50 504.075571 814.258153
51 115.366299 241.533413
52 723.103226 492.563064
53 834.267206 994.413986
54 758.200599 475.891946
55 734.658390 260.562734
56 731.619790 565.839317
57 252.685654 941.533152
58 160.516200 549.661948
59 291.993532 984.959428
60 388.600454 239.986886
61 233.491063 98.161853
62 532.119072 201.189184
63 918.934672 683.715268
64 957.040642 137.566716
65 324.910965 691.346700
66 774.049628 739.730157
67 379.154611 792.443115
68 88.927683 638.163689
69 387.737501 526.613500
70 778.128124 996.702427
71 839.517065 844.164066
72 372.826130 193.710444
73 933.333477 774.009456
74 229.453573 985.033254
75 33.796682 783.456293
76 540.704192 520.337127
77 403.105649 764.460357
78 898.221319 593.236943
79 979.194678 480.372020
147
0 31
0 54
0 79
1 19
1 42
1 56
1 63
1 78
2 15
2 33
2 36
3 47
3 52
3 56
3 76
4 6
4 74
4 75
5 28
5 52
5 55
5 76
6 10
6 12
6 38
6 75
7 18
7 34
7 37
7 54
7 55
8 45
8 66
8 70
8 71
9 17
9 29
9 76
9 77
10 12
10 58
10 65
11 38
11 44
11 46
12 58
12 68
12 75
13 21
13 32
13 58
14 20
14 79
15 33
15 35
15 62
16 48
16 61
17 27
17 65
17 77
18 20
18 64
19 63
19 73
21 68
22 31
22 40
22 63
22 78
23 24
23 32
23 51
23 61
24 30
24 39
25 28
25 39
25 60
25 62
25 69
26 32
26 51
27 69
28 62
28 76
29 45
29 50
29 77
30 39
30 49
30 72
31 40
31 78
31 79
32 51
32 69
33 34
33 55
34 36
34 37
34 55
35 49
35 61
36 37
37 64
38 57
38 65
38 67
39 60
40 79
41 43
41 44
41 59
42 56
42 66
43 44
43 50
43 67
44 67
45 47
45 50
46 57
46 59
47 56
47 66
47 76
48 51
48 61
49 61
50 77
51 61
52 54
53 70
53 71
56 78
57 74
58 68
59 74
60 62
60 72
63 78
65 77
66 71
67 77
69 76
71 73
